* Konstanten und Tabellen zu MONST1.INC
restab:   dc.w      200,400

* Tastaturtabellen
keytab1:  dc.b      0,27,'1234567890û',39,8,9
          dc.b      'qwertzuiopÅ+',13,0,'as'
          dc.b      'dfghjklîÑ#',0,'~yxcv'
          dc.b      'bnm,.-',0,0,0,' ',0,0,0,0,0,0
          dc.b      0,0,0,0,0,0,0,6,1,0,'-',4,0,3,'+',0
          dc.b      2,0,10,127,0,0,0,0,0,0,0,0,0,0,0,0
          dc.b      '<',5,14,'()/*789456123'
          dc.b      '0.',13,0,0,0,0,0,0,0,0,0,0,0,0,0

keytab2:  dc.b      0,27,'!"›$%&/()=?`',8,9
          dc.b      'QWERTZUIOPö*',13,0,'AS'
          dc.b      'DFGHJKLôé^',0,'|YXCV'
          dc.b      'BNM;:_',0,0,0,' ',0,0,0,0,0,0
          dc.b      0,0,0,0,0,0,0,7,1,0,'-',4,0,3,'+',0
          dc.b      2,0,11,12,0,0,0,0,0,0,0,0,0,0,0,0
          dc.b      '>',15,16,'()/*789456123'
          dc.b      '0.',13,0,0,0,0,0,0,0,0,0,0,0,0,0

keytab3:  dc.b      0,27,'1234567890û',39,8,9
          dc.b      'QWERTZUIOPö+',13,0,'AS'
          dc.b      'DFGHJKLôé#',0,'~YXCV'
          dc.b      'BNM,.-',0,0,0,' ',0,0,0,0,0,0
          dc.b      0,0,0,0,0,0,0,6,1,0,'-',4,0,3,'+',0
          dc.b      2,0,10,127,0,0,0,0,0,0,0,0,0,0,0,0
          dc.b      '<',5,14,'()/*789456123'
          dc.b      '0.',13,0,0,0,0,0,0,0,0,0,0,0,0,0

tablist:  dc.b      1,3,8,13,18,23,28,33; Tabulatorspalten
          dc.b      38,43,48,53,58,63,68
          dc.b      73,78,1
