4095.0968735
3600.083017
3414.1091473
3213.4262297
3035.3282551
2862.1497685
2701.2635395
2547.0783667
2405.0370083
2276.614231
2145.3149717
2025.6726044
1910.2473067
1802.6245203
1701.4134996
1606.245944
1517.7747086
1430.672589
1350.6311757
1274.359775
1204.5843907
1135.0467655
1070.5034767
1011.7250842
955.49532714
902.61036708
851.87807428
802.11735523
758.15751865
715.83767802
675.00618836
637.52011538
602.24473514
568.05306242
536.8254062
506.44895068
477.81736037
451.83040782
425.39362277
401.41796149
379.81949503
357.51911543
337.4422588
318.51864431
301.68202816
284.86997166
268.0236227
253.08750973
238.08750973
225.00934755
212.73985428
200.23257887
189.44373849
178.33206525
168.85866173
159.98686485
150.68211751
142.91184759
134.64535399
126.8536991
119.50960754
112.58737066
106.06275654
100.91292519
94.116348575
89.652735259
84.502959374
79.648993668
75.073846399
71.761501854
67.696864286
63.865705066
59.254612877
56.850946769
53.642791904
50.618917847
47.768739257
44.082278828
42.082278828
39.163435863
37.913834476
35.913834476
33.793453273
31.79486967
29.911087446
28.135512253
26.461928531
25.884477749
23.397637901
22.996204169
21.67527071
19.256674039
18.150544311
17.10795219
16.125247989
15.198991662
