 0
 0
 0
 0
 11
 1
 1
 1
 1
 1
 1
 0
 0
 0
 0
 7
 1
 0
 0
 0
 0
 1
 0
 0
 0
 0
 0
 1
 0
 0
 0
 5
 1
 0
 0
 0
 7
 11
 1
 0
 0
 0
 0
 1
 1
 1
 1
 1
 1
 1
 0
 0
 0
 5
 1
 0
 0
 0
 0
 0
 1
 0
 0
 0
 0
 1
 0
 0
 0
 0
 0
 1
 1
 1
 1
 1
 1
 0
 0
 0
 0
 2
 1
 0
 0
 0
 0
 1
 0
 0
 0
 0
 0
 1
 0
 4
 1
 0
 1
 0
 0
 0
 0
 2
 1
 0
 0
 0
 4
 1
 0
 0
 0
 0
 0
 1
 0
 0
 0
 0
 1
 0
 0
 0
 0
 0
 1
 0
 0
 0
 0
 1
 0
 3
 1
 0
 0
 0
 0
 0
 0
 0
 1
 0
 0
 0
 0
 0
 1
 0
 0
 0
 3
 1
 0
 0
 0
 0
 0
 1
 0
 0
 0
 0
 1
 1101100
 99
