 0
 0
 0
 0
 0
 0
 0
 0
 0
 0
 1
 0
 0
 0
 0
 0
 0
 0
 0
 0
 0
 1
 0
 0
 0
 0
 0
 0
 0
 0
 0
 0
 1
 0
 0
 0
 9
 1
 0
 0
 0
 0
 0
 1
 0
 0
 0
 0
 0
 1
 0
 0
 0
 0
 1
 0
 0
 0
 0
 0
 0
 1
 0
 0
 0
 1
 0
 0
 0
 0
 0
 0
 0
 1
 0
 12
 1
 0
 11
 1
 0
 0
 0
 0
 0
 1
 8
 1
 0
 5
 1
 6
 9
 6
 12
 4
 8
 5
 1
 0
 4
 1
 0
 0
 1
 0
 0
 0
 0
 1
 0
 0
 1
 0
 0
 0
 0
 0
 11
 1
 1
 0
 0
 1
 0
 0
 0
 0
 0
 0
 0
 1
 0
 0
 1
 0
 0
 0
 0
 0
 0
 1
 1
 0
 0
 0
 0
 0
 0
 0
 0
 0
 1
 1
 0
 0
 0
 0
 0
 0
 0
 0
 0
 1
 1
 10001101
 22
