 1
 0
 1
 0
 1
 0
 1
 0
 1
 0
 1
 1
 0
 1
 0
 1
 0
 1
 0
 1
 0
 1
 1
 0
 1
 0
 1
 0
 1
 0
 1
 0
 1
 1
 1
 1
 1
 1
 1
 1
 1
 1
 1
 1
 0
 0
 0
 1
 0
 0
 0
 0
 0
 0
 1
 1
 1
 1
 1
 0
 0
 0
 9
 1
 0
 1
 0
 0
 0
 1
 0
 0
 0
 0
 1
 0
 1
 1
 1
 1
 1
 0
 6
 12
 9
 12
 6
 1
 0
 0
 0
 1
 0
 0
 0
 0
 0
 0
 1
 1
 1
 1
 1
 1
 1
 1
 0
 0
 0
 1
 1
 0
 1
 0
 1
 0
 1
 0
 0
 5
 1
 1
 0
 1
 0
 1
 0
 1
 0
 5
 3
 1
 1
 0
 1
 0
 1
 0
 1
 0
 0
 0
 1
 1
 0
 1
 0
 1
 0
 1
 0
 0
 3
 1
 1
 0
 1
 0
 1
 0
 1
 1
 1
 1
 1
 10011001
 2
