 0
 0
 0
 0
 1
 0
 1
 0
 1
 0
 1
 1
 1
 1
 1
 1
 0
 1
 0
 1
 0
 1
 0
 0
 0
 0
 1
 1
 1
 1
 1
 1
 1
 1
 1
 1
 1
 1
 0
 0
 0
 0
 0
 1
 0
 0
 0
 0
 1
 0
 0
 8
 3
 8
 1
 1
 1
 1
 1
 1
 0
 9
 3
 9
 5
 1
 0
 0
 0
 0
 1
 0
 0
 6
 5
 2
 1
 1
 1
 1
 1
 1
 0
 0
 0
 12
 6
 1
 0
 0
 0
 0
 1
 0
 0
 0
 0
 2
 1
 1
 1
 1
 1
 1
 0
 0
 0
 8
 12
 1
 0
 0
 0
 0
 1
 0
 11
 7
 11
 8
 1
 1
 1
 1
 1
 1
 0
 0
 10
 7
 10
 1
 0
 0
 0
 0
 1
 0
 0
 0
 0
 0
 1
 1
 1
 1
 1
 1
 1
 1
 1
 1
 1
 1
 0
 0
 0
 0
 1
 0
 1
 0
 1
 0
 1
 11101100
 3
