 0
 0
 0
 0
 0
 0
 0
 0
 0
 0
 1
 0
 0
 0
 0
 0
 0
 0
 0
 0
 0
 1
 0
 0
 0
 0
 0
 0
 0
 0
 0
 0
 1
 0
 0
 0
 0
 0
 0
 0
 0
 1
 7
 1
 0
 0
 0
 0
 0
 0
 1
 1
 8
 10
 1
 0
 0
 0
 0
 0
 0
 7
 8
 10
 9
 1
 0
 0
 0
 0
 0
 0
 0
 0
 0
 0
 1
 0
 4
 1
 0
 0
 0
 11
 9
 6
 4
 1
 0
 0
 0
 0
 0
 0
 1
 0
 1
 6
 1
 0
 0
 0
 0
 0
 0
 0
 11
 1
 1
 1
 0
 0
 0
 0
 0
 0
 0
 0
 0
 0
 1
 0
 0
 0
 0
 0
 0
 0
 0
 0
 0
 1
 0
 0
 0
 0
 0
 0
 0
 0
 0
 0
 1
 0
 0
 0
 0
 0
 0
 0
 0
 0
 0
 1
 0
 0
 0
 0
 0
 0
 0
 0
 0
 0
 1
 10000101
 4
