 0
 0
 0
 0
 0
 0
 0
 0
 0
 0
 1
 0
 0
 0
 0
 0
 0
 0
 0
 0
 0
 1
 0
 0
 0
 0
 0
 0
 0
 0
 0
 0
 1
 0
 12
 1
 0
 0
 0
 0
 3
 7
 12
 1
 0
 0
 1
 0
 0
 0
 0
 0
 3
 7
 1
 0
 9
 1
 1
 1
 1
 1
 1
 1
 1
 1
 0
 0
 1
 0
 0
 0
 0
 0
 0
 0
 1
 0
 10
 1
 5
 1
 0
 0
 0
 0
 4
 1
 0
 9
 1
 0
 0
 0
 0
 0
 0
 1
 1
 0
 0
 0
 1
 0
 0
 0
 5
 4
 7
 1
 0
 8
 1
 0
 0
 0
 0
 0
 0
 3
 1
 0
 0
 1
 7
 10
 3
 1
 1
 1
 1
 1
 0
 8
 1
 0
 0
 0
 1
 0
 0
 0
 1
 0
 11
 1
 0
 0
 0
 1
 0
 0
 0
 1
 0
 0
 0
 11
 1
 1
 1
 0
 0
 0
 1
 11001010
 22
