 0
 0
 0
 0
 0
 1
 1
 1
 1
 9
 1
 0
 0
 0
 0
 0
 1
 1
 1
 1
 0
 1
 0
 0
 0
 0
 0
 1
 1
 5
 10
 9
 1
 0
 0
 0
 0
 0
 1
 5
 3
 8
 10
 1
 0
 0
 0
 0
 0
 1
 3
 12
 6
 8
 1
 0
 0
 0
 0
 0
 1
 12
 11
 4
 6
 1
 0
 0
 0
 0
 0
 1
 11
 7
 3
 4
 1
 0
 0
 0
 0
 0
 1
 7
 10
 2
 3
 1
 0
 0
 0
 0
 0
 1
 10
 5
 12
 2
 1
 0
 0
 0
 0
 0
 1
 5
 6
 11
 12
 1
 0
 0
 0
 0
 0
 1
 6
 8
 7
 11
 1
 0
 0
 0
 0
 0
 1
 8
 9
 5
 7
 1
 0
 0
 0
 0
 0
 1
 9
 10
 4
 5
 1
 0
 0
 0
 0
 0
 1
 10
 12
 3
 4
 1
 0
 0
 0
 0
 0
 1
 1
 1
 12
 3
 1
 110010011
 1
