 1
 1
 1
 1
 1
 1
 1
 1
 1
 1
 1
 1
 1
 1
 1
 1
 1
 1
 1
 1
 1
 1
 1
 1
 1
 1
 1
 1
 1
 1
 1
 1
 1
 1
 1
 1
 1
 1
 1
 1
 1
 1
 1
 1
 1
 1
 1
 1
 1
 1
 1
 1
 1
 1
 1
 1
 1
 1
 1
 1
 1
 1
 1
 1
 1
 1
 1
 1
 1
 1
 1
 1
 1
 1
 1
 1
 1
 1
 1
 1
 1
 1
 1
 1
 1
 1
 1
 1
 1
 1
 1
 1
 0
 0
 0
 0
 0
 0
 1
 1
 1
 1
 1
 0
 0
 0
 0
 0
 3
 1
 1
 1
 1
 1
 0
 0
 0
 0
 0
 5
 1
 1
 1
 1
 1
 0
 0
 0
 0
 5
 9
 1
 1
 1
 1
 1
 0
 0
 3
 9
 1
 7
 1
 1
 1
 1
 1
 0
 7
 1
 1
 1
 0
 1
 1
 1
 1
 1
 1
 1
 1
 1
 1
 1
 1
 10110101
 6
