 0
 0
 0
 0
 0
 0
 0
 0
 0
 1
 1
 0
 0
 0
 0
 0
 0
 0
 0
 1
 1
 1
 0
 0
 0
 0
 0
 0
 0
 1
 12
 9
 1
 0
 0
 0
 0
 0
 0
 1
 8
 9
 12
 1
 0
 0
 0
 0
 0
 1
 8
 4
 6
 7
 1
 0
 0
 0
 0
 4
 6
 7
 12
 11
 9
 1
 0
 0
 0
 1
 1
 1
 12
 11
 9
 5
 1
 0
 0
 1
 1
 5
 4
 8
 10
 3
 10
 1
 0
 0
 0
 1
 1
 1
 11
 3
 4
 8
 1
 0
 0
 0
 0
 2
 4
 8
 4
 6
 11
 1
 0
 0
 0
 0
 0
 9
 7
 6
 12
 8
 1
 0
 0
 0
 0
 0
 0
 9
 7
 2
 1
 1
 0
 0
 0
 0
 0
 0
 0
 5
 12
 5
 1
 0
 0
 0
 0
 0
 0
 0
 0
 1
 1
 1
 0
 0
 0
 0
 0
 0
 0
 0
 0
 1
 1
 101111001
 9
