 26 
 0 
 2 
 0 
 0 
 0 
 0 
 1 
 4 
 0 
 0 
 0 
 0 
 0 
 0 
 4 
 0 
 0 
 0 
 2 
 7 
 5 
 3 
 0 
 0 
 0 
 0 
 0 
 4 
 0 
 0 
 0 
 0 
 7 
 0 
 0 
 0 
 4 
 10 
 8 
 6 
 0 
 0 
 0 
 0 
 0 
 7 
 0 
 0 
 0 
 0 
 10 
 0 
 0 
 0 
 7 
 13 
 11 
 9 
 0 
 0 
 0 
 0 
 0 
 10 
 0 
 0 
 0 
 0 
 13 
 0 
 0 
 0 
 10 
 15 
 14 
 12 
 0 
 0 
 0 
 0 
 0 
 13 
 0 
 0 
 13 
 20 
 16 
 0 
 0 
 0 
 0 
 0 
 17 
 15 
 0 
 0 
 0 
 0 
 18 
 16 
 0 
 0 
 0 
 0 
 0 
 17 
 0 
 0 
 0 
 0 
 20 
 0 
 0 
 0 
 15 
 0 
 21 
 19 
 0 
 0 
 0 
 0 
 22 
 20 
 0 
 0 
 0 
 0 
 0 
 21 
 0 
 23 
 0 
 0 
 24 
 0 
 22 
 0 
 0 
 0 
 25 
 23 
 0 
 0 
 0 
 0 
 26 
 24 
 0 
 0 
 0 
 0 
 0 
 25 
 0 
 0 
