cntcol LDV running on image 3984x1538, 8 bitplanes:
-------|--------------------
| Line | # unique colors |
|     0|               36|
|     1|               37|
|     2|               32|
|     3|               34|
|     4|               31|
|     5|               31|
|     6|               31|
|     7|               31|
|     8|               27|
|     9|               30|
|    10|               28|
|    11|               30|
|    12|               26|
|    13|               28|
|    14|               27|
|    15|               26|
|    16|               24|
|    17|               27|
|    18|               26|
|    19|               29|
|    20|               27|
|    21|               25|
|    22|               27|
|    23|               30|
|    24|               28|
|    25|               24|
|    26|               27|
|    27|               26|
|    28|               28|
|    29|               29|
|    30|               29|
|    31|               33|
|    32|               29|
|    33|               29|
|    34|               29|
|    35|               31|
|    36|               28|
|    37|               29|
|    38|               32|
|    39|               28|
|    40|               29|
|    41|               29|
|    42|               26|
|    43|               29|
|    44|               26|
|    45|               28|
|    46|               29|
|    47|               28|
|    48|               26|
|    49|               27|
|    50|               26|
|    51|               29|
|    52|               28|
|    53|               29|
|    54|               28|
|    55|               27|
|    56|               29|
|    57|               31|
|    58|               34|
|    59|               31|
|    60|               31|
|    61|               29|
|    62|               29|
|    63|               29|
|    64|               32|
|    65|               32|
|    66|               34|
|    67|               31|
|    68|               36|
|    69|               30|
|    70|               28|
|    71|               28|
|    72|               31|
|    73|               29|
|    74|               27|
|    75|               27|
|    76|               29|
|    77|               28|
|    78|               27|
|    79|               27|
|    80|               31|
|    81|               29|
|    82|               29|
|    83|               28|
|    84|               28|
|    85|               29|
|    86|               30|
|    87|               29|
|    88|               28|
|    89|               29|
|    90|               28|
|    91|               29|
|    92|               27|
|    93|               29|
|    94|               31|
|    95|               29|
|    96|               29|
|    97|               28|
|    98|               30|
|    99|               28|
|   100|               30|
|   101|               25|
|   102|               27|
|   103|               24|
|   104|               26|
|   105|               25|
|   106|               27|
|   107|               25|
|   108|               27|
|   109|               29|
|   110|               28|
|   111|               27|
|   112|               26|
|   113|               28|
|   114|               29|
|   115|               28|
|   116|               26|
|   117|               27|
|   118|               26|
|   119|               27|
|   120|               25|
|   121|               28|
|   122|               30|
|   123|               25|
|   124|               28|
|   125|               27|
|   126|               27|
|   127|               24|
|   128|               25|
|   129|               28|
|   130|               26|
|   131|               28|
|   132|               29|
|   133|               25|
|   134|               25|
|   135|               24|
|   136|               27|
|   137|               28|
|   138|               28|
|   139|               25|
|   140|               28|
|   141|               27|
|   142|               26|
|   143|               28|
|   144|               27|
|   145|               25|
|   146|               26|
|   147|               25|
|   148|               28|
|   149|               24|
|   150|               27|
|   151|               26|
|   152|               25|
|   153|               27|
|   154|               26|
|   155|               27|
|   156|               24|
|   157|               27|
|   158|               29|
|   159|               24|
|   160|               25|
|   161|               26|
|   162|               26|
|   163|               24|
|   164|               26|
|   165|               28|
|   166|               26|
|   167|               24|
|   168|               26|
|   169|               26|
|   170|               26|
|   171|               23|
|   172|               24|
|   173|               24|
|   174|               26|
|   175|               24|
|   176|               27|
|   177|               29|
|   178|               26|
|   179|               26|
|   180|               25|
|   181|               28|
|   182|               26|
|   183|               24|
|   184|               25|
|   185|               25|
|   186|               25|
|   187|               24|
|   188|               25|
|   189|               27|
|   190|               31|
|   191|               33|
|   192|               33|
|   193|               36|
|   194|               34|
|   195|               29|
|   196|               30|
|   197|               32|
|   198|               30|
|   199|               28|
|   200|               30|
|   201|               30|
|   202|               27|
|   203|               25|
|   204|               29|
|   205|               31|
|   206|               27|
|   207|               27|
|   208|               29|
|   209|               28|
|   210|               29|
|   211|               28|
|   212|               27|
|   213|               29|
|   214|               27|
|   215|               28|
|   216|               29|
|   217|               28|
|   218|               29|
|   219|               30|
|   220|               29|
|   221|               29|
|   222|               28|
|   223|               29|
|   224|               26|
|   225|               30|
|   226|               33|
|   227|               32|
|   228|               34|
|   229|               32|
|   230|               30|
|   231|               28|
|   232|               26|
|   233|               29|
|   234|               26|
|   235|               28|
|   236|               27|
|   237|               28|
|   238|               28|
|   239|               28|
|   240|               29|
|   241|               30|
|   242|               28|
|   243|               28|
|   244|               24|
|   245|               26|
|   246|               27|
|   247|               30|
|   248|               29|
|   249|               27|
|   250|               27|
|   251|               26|
|   252|               25|
|   253|               29|
|   254|               30|
|   255|               26|
|   256|               32|
|   257|               27|
|   258|               26|
|   259|               26|
|   260|               26|
|   261|               28|
|   262|               27|
|   263|               29|
|   264|               27|
|   265|               29|
|   266|               26|
|   267|               28|
|   268|               28|
|   269|               27|
|   270|               25|
|   271|               27|
|   272|               27|
|   273|               28|
|   274|               28|
|   275|               24|
|   276|               24|
|   277|               30|
|   278|               26|
|   279|               27|
|   280|               26|
|   281|               27|
|   282|               27|
|   283|               27|
|   284|               24|
|   285|               27|
|   286|               25|
|   287|               25|
|   288|               27|
|   289|               28|
|   290|               27|
|   291|               26|
|   292|               27|
|   293|               24|
|   294|               26|
|   295|               23|
|   296|               28|
|   297|               22|
|   298|               26|
|   299|               20|
|   300|               21|
|   301|               21|
|   302|               23|
|   303|               25|
|   304|               24|
|   305|               26|
|   306|               26|
|   307|               24|
|   308|               26|
|   309|               26|
|   310|               24|
|   311|               25|
|   312|               29|
|   313|               26|
|   314|               26|
|   315|               25|
|   316|               26|
|   317|               26|
|   318|               23|
|   319|               24|
|   320|               28|
|   321|               27|
|   322|               28|
|   323|               30|
|   324|               28|
|   325|               26|
|   326|               29|
|   327|               28|
|   328|               29|
|   329|               27|
|   330|               28|
|   331|               29|
|   332|               31|
|   333|               31|
|   334|               34|
|   335|               34|
|   336|               33|
|   337|               34|
|   338|               32|
|   339|               32|
|   340|               29|
|   341|               28|
|   342|               34|
|   343|               32|
|   344|               33|
|   345|               31|
|   346|               32|
|   347|               33|
|   348|               37|
|   349|               32|
|   350|               35|
|   351|               30|
|   352|               31|
|   353|               29|
|   354|               29|
|   355|               29|
|   356|               32|
|   357|               32|
|   358|               33|
|   359|               28|
|   360|               27|
|   361|               32|
|   362|               29|
|   363|               30|
|   364|               24|
|   365|               28|
|   366|               26|
|   367|               24|
|   368|               30|
|   369|               29|
|   370|               29|
|   371|               28|
|   372|               25|
|   373|               29|
|   374|               29|
|   375|               25|
|   376|               29|
|   377|               29|
|   378|               28|
|   379|               28|
|   380|               31|
|   381|               28|
|   382|               33|
|   383|               27|
|   384|               26|
|   385|               28|
|   386|               26|
|   387|               27|
|   388|               27|
|   389|               25|
|   390|               28|
|   391|               29|
|   392|               30|
|   393|               30|
|   394|               26|
|   395|               30|
|   396|               30|
|   397|               33|
|   398|               23|
|   399|               29|
|   400|               30|
|   401|               31|
|   402|               32|
|   403|               31|
|   404|               31|
|   405|               30|
|   406|               33|
|   407|               31|
|   408|               31|
|   409|               30|
|   410|               34|
|   411|               29|
|   412|               27|
|   413|               30|
|   414|               29|
|   415|               32|
|   416|               31|
|   417|               32|
|   418|               28|
|   419|               28|
|   420|               28|
|   421|               29|
|   422|               33|
|   423|               31|
|   424|               32|
|   425|               29|
|   426|               27|
|   427|               30|
|   428|               34|
|   429|               31|
|   430|               28|
|   431|               28|
|   432|               28|
|   433|               28|
|   434|               29|
|   435|               32|
|   436|               30|
|   437|               27|
|   438|               28|
|   439|               34|
|   440|               30|
|   441|               29|
|   442|               30|
|   443|               31|
|   444|               29|
|   445|               31|
|   446|               31|
|   447|               30|
|   448|               33|
|   449|               29|
|   450|               34|
|   451|               30|
|   452|               30|
|   453|               35|
|   454|               30|
|   455|               32|
|   456|               32|
|   457|               31|
|   458|               33|
|   459|               30|
|   460|               32|
|   461|               33|
|   462|               29|
|   463|               32|
|   464|               30|
|   465|               33|
|   466|               28|
|   467|               30|
|   468|               29|
|   469|               26|
|   470|               30|
|   471|               30|
|   472|               28|
|   473|               25|
|   474|               27|
|   475|               27|
|   476|               28|
|   477|               24|
|   478|               25|
|   479|               28|
|   480|               30|
|   481|               27|
|   482|               28|
|   483|               26|
|   484|               25|
|   485|               28|
|   486|               28|
|   487|               33|
|   488|               32|
|   489|               31|
|   490|               28|
|   491|               30|
|   492|               29|
|   493|               35|
|   494|               30|
|   495|               33|
|   496|               34|
|   497|               34|
|   498|               34|
|   499|               33|
|   500|               29|
|   501|               28|
|   502|               33|
|   503|               33|
|   504|               33|
|   505|               30|
|   506|               31|
|   507|               32|
|   508|               29|
|   509|               27|
|   510|               25|
|   511|               28|
|   512|               30|
|   513|               27|
|   514|               27|
|   515|               31|
|   516|               31|
|   517|               28|
|   518|               26|
|   519|               33|
|   520|               26|
|   521|               27|
|   522|               28|
|   523|               29|
|   524|               26|
|   525|               26|
|   526|               30|
|   527|               29|
|   528|               25|
|   529|               23|
|   530|               24|
|   531|               29|
|   532|               27|
|   533|               25|
|   534|               26|
|   535|               27|
|   536|               27|
|   537|               26|
|   538|               25|
|   539|               29|
|   540|               27|
|   541|               26|
|   542|               27|
|   543|               26|
|   544|               26|
|   545|               25|
|   546|               27|
|   547|               31|
|   548|               27|
|   549|               27|
|   550|               27|
|   551|               28|
|   552|               27|
|   553|               25|
|   554|               28|
|   555|               29|
|   556|               26|
|   557|               26|
|   558|               29|
|   559|               28|
|   560|               24|
|   561|               25|
|   562|               29|
|   563|               30|
|   564|               31|
|   565|               28|
|   566|               26|
|   567|               28|
|   568|               25|
|   569|               24|
|   570|               25|
|   571|               25|
|   572|               27|
|   573|               23|
|   574|               25|
|   575|               30|
|   576|               24|
|   577|               26|
|   578|               28|
|   579|               29|
|   580|               26|
|   581|               27|
|   582|               27|
|   583|               28|
|   584|               25|
|   585|               25|
|   586|               27|
|   587|               26|
|   588|               26|
|   589|               24|
|   590|               27|
|   591|               27|
|   592|               26|
|   593|               25|
|   594|               26|
|   595|               25|
|   596|               26|
|   597|               21|
|   598|               24|
|   599|               26|
|   600|               26|
|   601|               25|
|   602|               26|
|   603|               24|
|   604|               25|
|   605|               24|
|   606|               26|
|   607|               26|
|   608|               27|
|   609|               26|
|   610|               27|
|   611|               25|
|   612|               27|
|   613|               26|
|   614|               24|
|   615|               24|
|   616|               27|
|   617|               25|
|   618|               24|
|   619|               26|
|   620|               28|
|   621|               26|
|   622|               24|
|   623|               27|
|   624|               24|
|   625|               25|
|   626|               27|
|   627|               29|
|   628|               26|
|   629|               26|
|   630|               24|
|   631|               26|
|   632|               28|
|   633|               26|
|   634|               25|
|   635|               25|
|   636|               26|
|   637|               23|
|   638|               27|
|   639|               25|
|   640|               26|
|   641|               23|
|   642|               26|
|   643|               28|
|   644|               25|
|   645|               24|
|   646|               27|
|   647|               25|
|   648|               25|
|   649|               26|
|   650|               24|
|   651|               25|
|   652|               24|
|   653|               25|
|   654|               27|
|   655|               25|
|   656|               26|
|   657|               24|
|   658|               25|
|   659|               28|
|   660|               23|
|   661|               24|
|   662|               24|
|   663|               24|
|   664|               25|
|   665|               26|
|   666|               24|
|   667|               26|
|   668|               24|
|   669|               23|
|   670|               23|
|   671|               23|
|   672|               25|
|   673|               24|
|   674|               26|
|   675|               23|
|   676|               26|
|   677|               25|
|   678|               24|
|   679|               24|
|   680|               23|
|   681|               23|
|   682|               23|
|   683|               25|
|   684|               24|
|   685|               23|
|   686|               26|
|   687|               24|
|   688|               23|
|   689|               24|
|   690|               24|
|   691|               24|
|   692|               25|
|   693|               22|
|   694|               23|
|   695|               24|
|   696|               22|
|   697|               22|
|   698|               23|
|   699|               25|
|   700|               21|
|   701|               23|
|   702|               25|
|   703|               26|
|   704|               26|
|   705|               23|
|   706|               28|
|   707|               28|
|   708|               27|
|   709|               27|
|   710|               28|
|   711|               29|
|   712|               28|
|   713|               28|
|   714|               24|
|   715|               24|
|   716|               27|
|   717|               26|
|   718|               28|
|   719|               26|
|   720|               26|
|   721|               26|
|   722|               26|
|   723|               28|
|   724|               30|
|   725|               32|
|   726|               29|
|   727|               28|
|   728|               25|
|   729|               29|
|   730|               28|
|   731|               27|
|   732|               26|
|   733|               25|
|   734|               27|
|   735|               26|
|   736|               26|
|   737|               28|
|   738|               27|
|   739|               27|
|   740|               30|
|   741|               27|
|   742|               28|
|   743|               27|
|   744|               31|
|   745|               29|
|   746|               29|
|   747|               28|
|   748|               27|
|   749|               28|
|   750|               30|
|   751|               31|
|   752|               31|
|   753|               31|
|   754|               32|
|   755|               28|
|   756|               30|
|   757|               28|
|   758|               29|
|   759|               29|
|   760|               30|
|   761|               29|
|   762|               28|
|   763|               29|
|   764|               29|
|   765|               31|
|   766|               30|
|   767|               28|
|   768|               32|
|   769|               31|
|   770|               29|
|   771|               33|
|   772|               28|
|   773|               29|
|   774|               30|
|   775|               30|
|   776|               32|
|   777|               29|
|   778|               30|
|   779|               29|
|   780|               30|
|   781|               31|
|   782|               30|
|   783|               29|
|   784|               31|
|   785|               29|
|   786|               30|
|   787|               32|
|   788|               33|
|   789|               33|
|   790|               32|
|   791|               33|
|   792|               33|
|   793|               33|
|   794|               32|
|   795|               33|
|   796|               35|
|   797|               31|
|   798|               33|
|   799|               33|
|   800|               33|
|   801|               34|
|   802|               33|
|   803|               34|
|   804|               35|
|   805|               35|
|   806|               32|
|   807|               33|
|   808|               31|
|   809|               34|
|   810|               33|
|   811|               32|
|   812|               33|
|   813|               34|
|   814|               37|
|   815|               33|
|   816|               34|
|   817|               37|
|   818|               36|
|   819|               35|
|   820|               36|
|   821|               36|
|   822|               35|
|   823|               35|
|   824|               33|
|   825|               35|
|   826|               34|
|   827|               34|
|   828|               34|
|   829|               33|
|   830|               35|
|   831|               35|
|   832|               36|
|   833|               37|
|   834|               35|
|   835|               33|
|   836|               37|
|   837|               36|
|   838|               35|
|   839|               34|
|   840|               37|
|   841|               36|
|   842|               34|
|   843|               37|
|   844|               36|
|   845|               36|
|   846|               38|
|   847|               34|
|   848|               36|
|   849|               35|
|   850|               37|
|   851|               35|
|   852|               32|
|   853|               34|
|   854|               35|
|   855|               34|
|   856|               34|
|   857|               35|
|   858|               34|
|   859|               34|
|   860|               32|
|   861|               35|
|   862|               35|
|   863|               33|
|   864|               35|
|   865|               36|
|   866|               34|
|   867|               30|
|   868|               31|
|   869|               29|
|   870|               32|
|   871|               31|
|   872|               31|
|   873|               29|
|   874|               31|
|   875|               31|
|   876|               34|
|   877|               31|
|   878|               31|
|   879|               32|
|   880|               33|
|   881|               30|
|   882|               32|
|   883|               34|
|   884|               29|
|   885|               31|
|   886|               30|
|   887|               30|
|   888|               29|
|   889|               28|
|   890|               30|
|   891|               30|
|   892|               29|
|   893|               30|
|   894|               31|
|   895|               31|
|   896|               35|
|   897|               28|
|   898|               30|
|   899|               27|
|   900|               28|
|   901|               25|
|   902|               24|
|   903|               22|
|   904|               22|
|   905|               24|
|   906|               23|
|   907|               22|
|   908|               23|
|   909|               23|
|   910|               25|
|   911|               24|
|   912|               22|
|   913|               20|
|   914|               20|
|   915|               21|
|   916|               21|
|   917|               20|
|   918|               21|
|   919|               21|
|   920|               20|
|   921|               20|
|   922|               20|
|   923|               21|
|   924|               22|
|   925|               20|
|   926|               20|
|   927|               22|
|   928|               22|
|   929|               22|
|   930|               22|
|   931|               23|
|   932|               23|
|   933|               21|
|   934|               22|
|   935|               21|
|   936|               22|
|   937|               21|
|   938|               21|
|   939|               22|
|   940|               21|
|   941|               21|
|   942|               22|
|   943|               22|
|   944|               23|
|   945|               22|
|   946|               23|
|   947|               24|
|   948|               23|
|   949|               21|
|   950|               23|
|   951|               22|
|   952|               23|
|   953|               22|
|   954|               24|
|   955|               23|
|   956|               23|
|   957|               22|
|   958|               26|
|   959|               27|
|   960|               28|
|   961|               26|
|   962|               25|
|   963|               23|
|   964|               25|
|   965|               24|
|   966|               24|
|   967|               23|
|   968|               24|
|   969|               22|
|   970|               23|
|   971|               23|
|   972|               22|
|   973|               22|
|   974|               21|
|   975|               24|
|   976|               24|
|   977|               21|
|   978|               21|
|   979|               23|
|   980|               24|
|   981|               22|
|   982|               22|
|   983|               22|
|   984|               23|
|   985|               20|
|   986|               24|
|   987|               23|
|   988|               23|
|   989|               24|
|   990|               24|
|   991|               22|
|   992|               23|
|   993|               21|
|   994|               23|
|   995|               24|
|   996|               24|
|   997|               22|
|   998|               22|
|   999|               22|
|  1000|               23|
|  1001|               22|
|  1002|               21|
|  1003|               22|
|  1004|               21|
|  1005|               21|
|  1006|               20|
|  1007|               19|
|  1008|               20|
|  1009|               20|
|  1010|               21|
|  1011|               22|
|  1012|               21|
|  1013|               21|
|  1014|               21|
|  1015|               21|
|  1016|               21|
|  1017|               22|
|  1018|               21|
|  1019|               21|
|  1020|               21|
|  1021|               19|
|  1022|               19|
|  1023|               20|
|  1024|               21|
|  1025|               20|
|  1026|               19|
|  1027|               19|
|  1028|               18|
|  1029|               19|
|  1030|               18|
|  1031|               18|
|  1032|               17|
|  1033|               19|
|  1034|               18|
|  1035|               17|
|  1036|               16|
|  1037|               15|
|  1038|               15|
|  1039|               17|
|  1040|               15|
|  1041|               16|
|  1042|               16|
|  1043|               15|
|  1044|               15|
|  1045|               16|
|  1046|               14|
|  1047|               14|
|  1048|               14|
|  1049|               14|
|  1050|               14|
|  1051|               15|
|  1052|               14|
|  1053|               14|
|  1054|               13|
|  1055|               15|
|  1056|               16|
|  1057|               15|
|  1058|               15|
|  1059|               14|
|  1060|               13|
|  1061|               14|
|  1062|               14|
|  1063|               13|
|  1064|               13|
|  1065|               13|
|  1066|               13|
|  1067|               15|
|  1068|               14|
|  1069|               15|
|  1070|               14|
|  1071|               15|
|  1072|               16|
|  1073|               16|
|  1074|               16|
|  1075|               14|
|  1076|               16|
|  1077|               15|
|  1078|               14|
|  1079|               13|
|  1080|               14|
|  1081|               15|
|  1082|               15|
|  1083|               14|
|  1084|               14|
|  1085|               14|
|  1086|               15|
|  1087|               15|
|  1088|               13|
|  1089|               16|
|  1090|               15|
|  1091|               14|
|  1092|               15|
|  1093|               16|
|  1094|               14|
|  1095|               15|
|  1096|               15|
|  1097|               15|
|  1098|               15|
|  1099|               16|
|  1100|               14|
|  1101|               18|
|  1102|               17|
|  1103|               17|
|  1104|               17|
|  1105|               18|
|  1106|               18|
|  1107|               17|
|  1108|               17|
|  1109|               17|
|  1110|               18|
|  1111|               17|
|  1112|               18|
|  1113|               18|
|  1114|               19|
|  1115|               22|
|  1116|               20|
|  1117|               20|
|  1118|               20|
|  1119|               18|
|  1120|               19|
|  1121|               20|
|  1122|               19|
|  1123|               21|
|  1124|               19|
|  1125|               22|
|  1126|               23|
|  1127|               21|
|  1128|               24|
|  1129|               20|
|  1130|               21|
|  1131|               22|
|  1132|               20|
|  1133|               21|
|  1134|               22|
|  1135|               18|
|  1136|               21|
|  1137|               20|
|  1138|               20|
|  1139|               19|
|  1140|               20|
|  1141|               17|
|  1142|               18|
|  1143|               19|
|  1144|               19|
|  1145|               18|
|  1146|               19|
|  1147|               19|
|  1148|               18|
|  1149|               18|
|  1150|               19|
|  1151|               18|
|  1152|               19|
|  1153|               18|
|  1154|               18|
|  1155|               18|
|  1156|               18|
|  1157|               17|
|  1158|               17|
|  1159|               18|
|  1160|               19|
|  1161|               17|
|  1162|               18|
|  1163|               17|
|  1164|               18|
|  1165|               17|
|  1166|               18|
|  1167|               20|
|  1168|               18|
|  1169|               18|
|  1170|               18|
|  1171|               18|
|  1172|               18|
|  1173|               16|
|  1174|               18|
|  1175|               18|
|  1176|               17|
|  1177|               19|
|  1178|               17|
|  1179|               19|
|  1180|               16|
|  1181|               17|
|  1182|               19|
|  1183|               17|
|  1184|               18|
|  1185|               19|
|  1186|               17|
|  1187|               18|
|  1188|               20|
|  1189|               18|
|  1190|               18|
|  1191|               20|
|  1192|               18|
|  1193|               18|
|  1194|               19|
|  1195|               19|
|  1196|               20|
|  1197|               18|
|  1198|               19|
|  1199|               18|
|  1200|               19|
|  1201|               19|
|  1202|               20|
|  1203|               19|
|  1204|               19|
|  1205|               18|
|  1206|               15|
|  1207|               19|
|  1208|               16|
|  1209|               19|
|  1210|               17|
|  1211|               17|
|  1212|               17|
|  1213|               19|
|  1214|               19|
|  1215|               17|
|  1216|               18|
|  1217|               18|
|  1218|               17|
|  1219|               18|
|  1220|               17|
|  1221|               16|
|  1222|               16|
|  1223|               16|
|  1224|               16|
|  1225|               16|
|  1226|               16|
|  1227|               17|
|  1228|               18|
|  1229|               16|
|  1230|               14|
|  1231|               17|
|  1232|               19|
|  1233|               16|
|  1234|               17|
|  1235|               19|
|  1236|               17|
|  1237|               17|
|  1238|               18|
|  1239|               18|
|  1240|               21|
|  1241|               18|
|  1242|               18|
|  1243|               20|
|  1244|               18|
|  1245|               17|
|  1246|               19|
|  1247|               19|
|  1248|               18|
|  1249|               19|
|  1250|               17|
|  1251|               19|
|  1252|               19|
|  1253|               18|
|  1254|               17|
|  1255|               17|
|  1256|               17|
|  1257|               17|
|  1258|               18|
|  1259|               16|
|  1260|               15|
|  1261|               16|
|  1262|               16|
|  1263|               15|
|  1264|               15|
|  1265|               16|
|  1266|               16|
|  1267|               18|
|  1268|               17|
|  1269|               17|
|  1270|               17|
|  1271|               18|
|  1272|               20|
|  1273|               17|
|  1274|               19|
|  1275|               22|
|  1276|               17|
|  1277|               19|
|  1278|               20|
|  1279|               17|
|  1280|               19|
|  1281|               20|
|  1282|               20|
|  1283|               19|
|  1284|               16|
|  1285|               19|
|  1286|               20|
|  1287|               19|
|  1288|               18|
|  1289|               17|
|  1290|               19|
|  1291|               17|
|  1292|               18|
|  1293|               18|
|  1294|               17|
|  1295|               17|
|  1296|               21|
|  1297|               18|
|  1298|               17|
|  1299|               22|
|  1300|               17|
|  1301|               17|
|  1302|               17|
|  1303|               18|
|  1304|               17|
|  1305|               19|
|  1306|               15|
|  1307|               16|
|  1308|               16|
|  1309|               18|
|  1310|               20|
|  1311|               18|
|  1312|               17|
|  1313|               19|
|  1314|               19|
|  1315|               19|
|  1316|               20|
|  1317|               20|
|  1318|               20|
|  1319|               19|
|  1320|               20|
|  1321|               18|
|  1322|               20|
|  1323|               20|
|  1324|               22|
|  1325|               21|
|  1326|               20|
|  1327|               21|
|  1328|               23|
|  1329|               21|
|  1330|               24|
|  1331|               23|
|  1332|               23|
|  1333|               22|
|  1334|               22|
|  1335|               23|
|  1336|               26|
|  1337|               24|
|  1338|               21|
|  1339|               26|
|  1340|               24|
|  1341|               27|
|  1342|               25|
|  1343|               23|
|  1344|               22|
|  1345|               27|
|  1346|               26|
|  1347|               23|
|  1348|               25|
|  1349|               24|
|  1350|               26|
|  1351|               25|
|  1352|               26|
|  1353|               28|
|  1354|               28|
|  1355|               27|
|  1356|               24|
|  1357|               26|
|  1358|               27|
|  1359|               27|
|  1360|               28|
|  1361|               25|
|  1362|               30|
|  1363|               25|
|  1364|               24|
|  1365|               26|
|  1366|               28|
|  1367|               28|
|  1368|               28|
|  1369|               23|
|  1370|               28|
|  1371|               26|
|  1372|               28|
|  1373|               25|
|  1374|               28|
|  1375|               24|
|  1376|               29|
|  1377|               26|
|  1378|               26|
|  1379|               28|
|  1380|               24|
|  1381|               25|
|  1382|               25|
|  1383|               25|
|  1384|               22|
|  1385|               22|
|  1386|               23|
|  1387|               24|
|  1388|               25|
|  1389|               21|
|  1390|               22|
|  1391|               22|
|  1392|               21|
|  1393|               22|
|  1394|               24|
|  1395|               24|
|  1396|               22|
|  1397|               22|
|  1398|               20|
|  1399|               25|
|  1400|               22|
|  1401|               23|
|  1402|               23|
|  1403|               25|
|  1404|               24|
|  1405|               24|
|  1406|               23|
|  1407|               24|
|  1408|               28|
|  1409|               25|
|  1410|               26|
|  1411|               28|
|  1412|               29|
|  1413|               27|
|  1414|               24|
|  1415|               24|
|  1416|               27|
|  1417|               23|
|  1418|               24|
|  1419|               27|
|  1420|               26|
|  1421|               23|
|  1422|               22|
|  1423|               26|
|  1424|               23|
|  1425|               24|
|  1426|               23|
|  1427|               26|
|  1428|               24|
|  1429|               24|
|  1430|               26|
|  1431|               25|
|  1432|               23|
|  1433|               25|
|  1434|               24|
|  1435|               24|
|  1436|               23|
|  1437|               21|
|  1438|               23|
|  1439|               22|
|  1440|               22|
|  1441|               22|
|  1442|               23|
|  1443|               28|
|  1444|               25|
|  1445|               24|
|  1446|               29|
|  1447|               24|
|  1448|               23|
|  1449|               22|
|  1450|               24|
|  1451|               24|
|  1452|               23|
|  1453|               22|
|  1454|               24|
|  1455|               27|
|  1456|               28|
|  1457|               25|
|  1458|               22|
|  1459|               25|
|  1460|               24|
|  1461|               22|
|  1462|               23|
|  1463|               25|
|  1464|               27|
|  1465|               24|
|  1466|               26|
|  1467|               29|
|  1468|               27|
|  1469|               27|
|  1470|               25|
|  1471|               28|
|  1472|               25|
|  1473|               26|
|  1474|               27|
|  1475|               27|
|  1476|               26|
|  1477|               24|
|  1478|               26|
|  1479|               24|
|  1480|               25|
|  1481|               25|
|  1482|               25|
|  1483|               24|
|  1484|               25|
|  1485|               24|
|  1486|               24|
|  1487|               22|
|  1488|               25|
|  1489|               26|
|  1490|               26|
|  1491|               26|
|  1492|               23|
|  1493|               25|
|  1494|               24|
|  1495|               26|
|  1496|               28|
|  1497|               26|
|  1498|               27|
|  1499|               27|
|  1500|               28|
|  1501|               26|
|  1502|               27|
|  1503|               25|
|  1504|               27|
|  1505|               25|
|  1506|               27|
|  1507|               27|
|  1508|               24|
|  1509|               27|
|  1510|               26|
|  1511|               25|
|  1512|               23|
|  1513|               23|
|  1514|               22|
|  1515|               25|
|  1516|               23|
|  1517|               28|
|  1518|               25|
|  1519|               24|
|  1520|               26|
|  1521|               26|
|  1522|               24|
|  1523|               23|
|  1524|               28|
|  1525|               28|
|  1526|               28|
|  1527|               25|
|  1528|               29|
|  1529|               28|
|  1530|               26|
|  1531|               27|
|  1532|               27|
|  1533|               25|
|  1534|               31|
|  1535|               29|
|  1536|               30|
|  1537|               28|
-------|------------------
|Total |               65|
-------|------------------
RAM used: 3 KB
Computation time: 21810 ms
