0
0
0
0
0
0
0
0
0
0
0
0
0
0
0
0
0
0
0
0
0
0
0
0
0
0
0
0
0
0
0
0
0
0
0
0
0
0
0
0
0
0
0
0
0
0
0
0
0
0
0
0
0
0
0
0
0
0
0
0
0
0
0
0
0
0
1
81
81
81
81
81
81
1
0
0
0
0
0
0
0
0
0
0
0
0
81
26
26
28
26
7
26
81
0
0
0
0
0
0
0
0
0
0
0
0
81
14
26
26
26
26
28
81
0
0
0
0
0
0
0
0
0
0
0
0
81
0
23
18
26
26
0
81
0
0
0
0
0
0
0
0
0
0
0
0
1
81
81
81
81
81
81
1
0
0
0
0
0
0
0
0
0
0
0
0
0
0
0
0
0
0
0
0
0
0
0
0
0
0
0
0
0
0
0
0
0
0
0
0
0
0
0
0
0
0
0
0
0
0
PUZZLE
