1
1
1
1
1
1
1
1
1
1
1
1
1
1
1
1
1
1
1
1
1
2
2
2
2
2
2
2
2
2
2
2
2
2
2
2
2
2
2
1
1
2
2
0
0
0
0
0
0
0
0
0
0
0
0
0
0
2
2
1
1
2
0
0
14
40
0
40
40
0
3
0
40
0
8
0
0
0
2
1
1
2
0
0
0
0
2
7
0
2
0
0
0
0
0
0
0
0
2
1
1
2
0
0
0
0
20
0
0
11
0
0
0
0
0
8
0
0
2
1
0
0
0
28
0
0
0
16
0
0
0
0
0
0
0
0
0
0
2
1
1
2
2
2
2
2
2
2
2
2
2
2
40
40
40
40
0
2
2
1
1
2
0
0
0
0
0
0
0
0
0
0
0
0
0
0
0
2
2
1
1
1
1
1
1
1
1
1
1
1
1
1
1
1
1
1
1
1
1
1
FIRLEFANZ
