0
82
2
2
2
2
2
2
2
2
2
2
2
2
2
2
2
2
82
0
0
2
0
0
0
0
0
0
0
0
0
0
17
0
0
0
29
0
2
0
0
2
2
2
2
2
2
2
2
2
2
2
2
2
2
2
2
2
2
0
0
2
0
0
29
0
0
0
0
0
9
0
0
0
0
0
0
0
2
0
0
2
0
2
2
2
2
2
2
2
2
2
2
2
2
2
2
2
2
0
0
2
0
0
0
15
0
0
0
0
0
0
7
0
0
0
29
0
2
0
0
2
2
2
2
2
2
2
2
2
2
2
2
2
2
2
2
2
2
0
0
2
0
0
0
0
0
0
0
0
29
0
0
0
0
0
0
0
2
0
0
2
0
0
0
0
0
0
0
0
0
0
0
3
0
0
0
1
2
0
0
82
2
2
2
2
2
2
2
2
2
2
2
2
2
2
2
2
82
0
OMEGA
