2
1
1
1
1
1
1
1
1
1
1
1
1
1
1
1
1
1
1
2
1
0
0
0
0
0
0
0
0
0
0
0
14
0
0
0
0
0
29
1
1
1
1
1
1
1
1
1
1
1
1
1
1
1
1
1
1
1
1
1
1
29
0
0
4
0
0
0
0
2
0
0
0
23
0
0
0
0
29
1
1
1
1
1
1
1
1
1
1
1
1
1
1
1
1
1
1
1
1
1
1
29
0
0
0
15
0
0
0
2
0
0
0
0
0
0
0
0
29
1
1
1
1
1
1
1
1
1
1
1
1
1
1
1
1
1
1
1
1
1
1
29
0
0
0
20
0
0
0
0
0
7
0
0
0
0
0
0
0
1
1
1
1
1
1
1
1
1
1
1
1
1
1
1
1
1
1
1
1
1
2
2
2
2
2
2
2
2
2
2
2
2
2
2
2
2
2
2
2
2
RUMBLE
