2
2
2
2
2
2
2
2
2
2
2
2
2
2
2
2
2
2
2
2
2
82
0
11
0
0
0
0
0
0
0
0
0
0
0
0
0
0
82
2
2
0
0
0
0
0
0
0
0
0
0
0
0
7
0
0
0
0
0
2
2
0
0
0
0
0
0
0
0
0
0
0
0
0
0
0
0
17
0
2
2
0
40
0
7
0
40
0
0
0
0
40
0
0
0
40
0
0
0
2
2
0
0
0
40
0
0
0
40
0
26
0
0
40
0
0
0
40
0
2
2
0
14
0
0
21
0
0
0
0
0
0
0
0
0
0
0
0
0
2
2
0
0
0
0
0
0
0
0
0
0
0
0
0
0
0
0
0
0
2
2
82
0
0
0
0
18
0
0
0
0
0
0
24
0
0
0
0
82
2
2
2
2
2
2
2
2
2
2
2
2
2
2
2
2
2
2
2
2
2
EXPLOSIVE
