2
2
2
2
2
2
2
2
2
2
2
2
2
2
2
2
2
2
2
2
0
0
0
0
0
0
0
0
0
0
0
0
0
0
2
2
0
0
2
2
2
0
0
0
0
0
0
0
0
0
1
0
0
0
0
0
0
0
0
2
2
0
0
2
0
0
0
0
0
0
0
0
0
0
0
0
0
0
0
2
2
0
0
0
0
2
0
0
0
0
0
0
0
2
0
2
0
0
0
2
2
0
2
0
0
20
40
0
40
27
40
13
40
5
40
11
2
0
0
2
2
0
1
2
0
0
2
0
0
0
0
0
0
0
0
0
0
0
0
2
2
0
0
0
0
0
0
0
0
2
0
0
0
0
0
0
0
0
0
2
0
0
0
22
0
0
0
0
0
0
0
0
0
0
0
0
0
0
1
2
2
2
2
2
2
2
2
2
2
2
2
2
2
2
2
0
2
2
2
2
TRICKY
