81
1
1
1
1
1
1
1
1
1
1
1
1
1
1
1
1
1
1
81
1
1
0
0
20
0
0
0
0
24
0
0
0
0
0
0
0
0
29
1
1
0
2
2
2
2
2
2
2
2
2
2
2
2
2
2
2
2
0
1
1
0
2
0
0
0
0
0
0
0
0
0
0
0
0
0
0
2
0
1
1
7
2
0
0
0
0
0
0
0
0
0
0
11
0
0
0
2
0
1
1
0
2
0
0
14
0
0
0
29
0
0
0
0
0
0
0
2
13
1
1
0
2
0
0
0
0
0
0
0
0
0
0
0
0
0
0
2
0
1
1
0
2
2
2
2
2
2
2
2
2
2
2
2
2
2
2
2
0
1
1
29
0
0
0
17
0
0
0
0
0
14
0
0
0
0
0
0
1
1
81
1
1
1
1
1
1
1
1
1
1
1
1
1
1
1
1
1
1
81
OVERKILL
