0
0
0
0
0
0
0
0
0
0
0
2
2
2
0
0
0
0
0
0
0
0
0
0
0
0
0
0
0
0
0
2
17
2
0
0
0
0
0
0
0
0
0
2
2
2
2
2
2
2
2
2
0
2
2
2
0
0
0
0
0
0
0
2
40
0
26
0
0
1
1
0
0
0
0
2
0
0
0
0
0
0
0
2
2
2
2
2
0
0
0
0
0
0
0
2
0
0
0
0
0
0
0
2
0
1
0
0
15
0
0
0
0
1
0
2
0
0
0
0
0
0
0
2
40
0
0
0
0
0
0
0
2
26
0
2
0
0
0
0
0
0
0
2
2
2
2
0
2
2
2
2
2
2
2
2
0
0
0
0
0
0
0
0
0
0
2
17
2
0
0
0
0
0
0
0
0
0
0
0
0
0
0
0
0
0
2
2
2
0
0
0
0
0
0
0
0
0
0
0
OXMOX
