0
0
0
0
0
0
0
0
0
0
0
0
0
0
0
0
0
0
0
0
1
81
81
81
81
0
0
0
0
0
0
0
0
0
0
81
81
81
81
1
81
0
0
0
81
0
0
0
0
0
0
0
0
0
0
81
0
0
0
81
81
1
0
0
81
81
81
81
81
81
81
81
81
81
81
81
0
0
1
81
81
29
0
14
22
7
0
15
0
7
0
16
0
7
13
0
7
0
29
81
1
81
81
81
81
81
81
81
81
81
81
81
81
81
81
81
81
81
81
1
0
0
0
0
0
0
0
0
0
0
0
0
0
0
0
0
0
0
0
0
0
0
0
0
0
0
0
0
0
0
0
0
0
0
0
0
0
0
0
0
0
0
0
0
0
0
0
0
0
0
0
0
0
0
0
0
0
0
0
0
0
0
0
0
0
0
0
0
0
0
0
0
0
0
0
0
0
0
0
0
MENETEKEL
