0
0
0
0
0
0
0
0
0
0
0
0
0
0
0
0
0
0
0
0
0
0
0
0
0
0
0
0
0
0
0
0
0
0
0
0
0
0
0
0
0
0
0
0
0
0
1
81
81
81
81
81
81
1
0
0
0
0
0
0
0
0
0
0
0
0
81
22
0
0
0
0
40
81
0
0
0
0
0
0
0
0
0
0
0
0
81
0
0
0
0
0
0
81
0
0
0
0
0
0
0
0
0
0
0
0
81
1
0
6
0
16
0
81
0
0
0
0
0
0
0
0
0
0
0
0
81
40
17
40
23
40
0
81
0
0
0
0
0
0
0
0
0
0
0
0
81
0
0
0
0
0
0
81
0
0
0
0
0
0
0
0
0
0
0
0
1
81
81
81
81
81
81
1
0
0
0
0
0
0
0
0
0
0
0
0
0
0
0
0
0
0
0
0
0
0
0
0
0
0
DONUT
