0
0
0
0
0
0
0
0
0
0
0
0
0
0
0
0
0
0
0
0
0
0
0
0
0
0
0
0
0
0
0
0
0
0
0
0
0
0
0
0
0
0
0
0
1
1
1
1
1
1
1
1
1
1
1
1
0
0
0
0
0
0
0
0
1
40
0
0
0
0
0
16
0
0
40
1
0
0
0
0
0
0
0
0
1
0
3
0
1
0
0
0
5
0
0
1
0
0
0
0
0
0
0
0
1
10
0
0
0
0
0
0
0
0
0
1
0
0
0
0
0
0
0
0
1
0
0
15
0
17
18
0
0
11
0
1
0
0
0
0
0
0
0
0
1
40
0
0
0
1
0
0
0
0
40
1
0
0
0
0
0
0
0
0
1
1
1
1
1
1
1
1
1
1
1
1
0
0
0
0
0
0
0
0
0
0
0
0
0
0
0
0
0
0
0
0
0
0
0
0
CHAMPION
