1
0
81
81
81
81
81
81
81
81
81
81
81
81
81
81
81
81
0
1
0
0
0
0
0
0
0
1
0
0
29
0
7
0
0
7
0
0
0
0
0
0
0
0
0
0
0
0
0
0
0
0
0
0
0
0
0
0
0
0
81
0
0
0
0
0
0
0
0
0
0
0
0
0
0
0
0
0
0
81
81
0
0
0
14
0
0
0
0
0
0
0
0
0
0
0
0
0
0
81
81
0
0
0
0
0
1
1
1
1
0
0
23
0
0
1
0
0
0
81
81
0
0
0
0
0
0
0
0
0
0
0
0
0
0
0
0
0
0
81
0
0
0
0
0
0
0
0
0
0
23
0
0
0
0
0
0
0
0
0
0
0
29
0
0
0
14
0
0
0
13
0
0
0
0
0
0
0
0
0
1
0
81
81
81
81
81
81
81
81
81
81
81
81
81
81
81
81
0
1
UKULELE
