0
0
0
11
0
0
0
0
1
1
1
0
0
0
0
1
0
3
29
0
29
0
0
0
0
6
0
0
0
0
0
0
0
3
0
0
0
0
0
0
0
0
0
1
0
0
0
40
0
0
0
0
0
0
0
0
0
0
0
0
0
0
0
0
0
0
0
0
0
0
0
0
0
0
0
0
0
0
0
51
51
0
0
0
4
0
0
0
0
0
20
0
0
0
0
0
0
0
0
0
0
0
0
0
0
0
0
0
0
0
0
0
0
0
0
0
0
6
0
0
0
0
0
0
0
0
0
0
0
0
0
0
0
0
0
0
0
0
0
0
0
0
0
0
40
0
0
0
16
0
0
0
7
0
0
0
1
0
0
0
1
0
0
0
0
0
0
0
0
0
0
0
0
0
0
0
0
0
0
0
1
0
0
0
0
0
0
0
53
0
0
0
0
0
0
0
0
0
0
0
BRAINDEAD
