1
81
81
81
81
81
81
81
81
81
81
81
81
81
81
81
81
81
81
1
81
0
0
0
0
0
0
0
0
40
0
0
0
0
1
0
0
0
0
81
81
0
0
0
0
0
0
0
0
40
0
0
0
0
0
0
0
0
0
81
81
0
0
0
0
0
0
0
0
40
0
0
6
0
0
0
0
0
0
81
81
1
0
0
7
0
0
1
0
0
20
0
0
0
0
0
0
0
0
81
81
0
0
0
0
0
0
0
0
0
0
0
0
0
0
16
0
0
0
81
81
0
0
0
9
1
1
0
0
40
0
0
0
0
0
1
0
0
0
81
81
0
0
0
0
0
0
0
0
40
0
0
0
3
0
0
0
0
0
81
81
1
0
0
0
0
0
0
0
40
0
0
0
0
0
0
0
0
0
81
1
81
81
81
81
81
81
81
81
81
81
81
81
81
81
81
81
81
81
1
DANGER
