0
0
0
0
0
0
0
0
0
0
2
0
0
0
0
0
0
2
2
2
0
0
0
0
0
2
2
2
0
0
0
0
2
2
1
0
0
0
0
2
0
0
2
0
0
0
0
0
0
0
0
0
0
0
0
0
0
0
0
0
2
0
0
0
0
0
0
0
0
0
0
0
0
0
0
0
0
0
0
0
2
0
0
0
0
0
0
17
0
0
0
0
0
0
0
0
0
0
0
0
2
0
0
20
0
0
0
2
2
0
0
0
0
0
0
0
0
0
0
0
0
0
0
0
0
0
0
0
0
0
0
0
0
0
0
0
0
0
0
0
0
0
0
0
0
17
0
0
40
0
40
0
13
0
0
0
0
0
0
13
2
0
0
0
0
0
0
0
0
0
0
0
0
0
7
0
0
0
17
14
2
2
2
2
2
2
0
0
0
0
0
0
2
0
21
0
0
2
0
0
KOKOLORES
