1
81
81
81
81
81
81
81
81
81
81
81
81
81
81
81
81
81
81
1
81
0
0
0
0
0
0
0
1
0
0
0
0
0
0
0
0
0
0
81
81
0
0
0
14
0
0
0
1
0
0
0
5
0
0
0
0
0
0
81
81
0
0
0
0
0
0
0
0
0
0
0
0
0
0
0
0
0
0
81
81
0
0
0
0
1
0
0
11
0
0
0
0
0
0
0
0
0
0
81
81
0
0
0
0
0
0
0
0
0
0
0
0
0
0
0
0
1
1
81
81
0
0
0
0
0
0
0
0
0
0
0
17
0
0
0
0
0
1
81
81
0
0
0
9
0
0
0
1
0
0
0
0
0
0
0
0
0
0
81
81
0
0
0
0
0
0
0
1
0
0
0
0
0
0
0
0
0
0
81
1
81
81
81
81
81
81
81
81
81
81
81
81
81
81
81
81
81
81
1
LOGIC
