0
0
0
0
0
0
0
0
0
0
0
0
0
0
0
0
0
0
0
0
0
0
0
0
0
0
0
0
0
0
0
0
0
0
0
0
0
0
0
0
0
0
0
0
82
1
1
1
1
1
1
1
1
1
1
82
0
0
0
0
0
0
0
0
1
2
15
0
0
2
2
18
0
0
2
1
0
0
0
0
0
0
0
0
1
0
0
0
3
5
0
0
6
0
0
1
0
0
0
0
0
0
0
0
1
2
7
2
2
0
0
20
0
2
2
1
0
0
0
0
0
0
0
0
82
1
1
1
1
1
1
1
1
1
1
82
0
0
0
0
0
0
0
0
0
0
0
0
0
0
0
0
0
0
0
0
0
0
0
0
0
0
0
0
0
0
0
0
0
0
0
0
0
0
0
0
0
0
0
0
0
0
0
0
0
0
0
0
0
0
0
0
0
0
0
0
0
0
0
0
CRAMPED
