1
1
1
1
1
1
1
1
1
1
1
1
1
1
1
1
1
1
1
1
1
53
53
0
0
40
0
40
0
0
0
0
0
0
0
0
0
0
51
1
1
0
0
0
0
0
0
0
0
0
0
0
0
0
0
0
0
0
51
1
1
0
0
40
0
1
0
0
0
0
11
0
0
0
0
0
0
0
0
1
1
0
17
0
0
1
40
0
40
0
0
0
0
40
0
40
0
52
52
1
1
0
0
0
0
1
1
1
1
1
1
1
1
1
1
1
1
1
1
1
1
0
0
40
0
0
0
0
0
0
0
0
0
0
0
0
0
21
0
1
1
50
0
0
0
0
6
0
0
0
0
0
0
0
0
0
0
0
0
1
1
50
0
0
23
0
0
0
0
0
15
0
0
0
16
0
0
52
52
1
1
1
1
1
1
1
1
1
1
1
1
1
1
1
1
1
1
1
1
1
DOMINUS
