#
# File description : item to sprite
#
@FILENAME=E:\JEUX\DGEM\DGEM.DAT\IMAGES\ITEMS.IDX
@SEPARATOR=,
#
# Structure description
#
@COLUMN1=INT       # Type of item
@COLUMN2=INT       # Family of item
@COLUMN3=INT       # Id of item
@COLUMN4=INT       # Position of item in the view
@COLUMN5=INT       # if 0: sprite, if 1: mask
@COLUMN6=INT       # image id (corresponding to the IMAGES.DGI or into DGX)
#
# List of values
#
# Pavement crack
0,1,0,3,0,243
0,1,0,3,1,244
0,1,0,4,0,245
0,1,0,4,1,246
0,1,0,5,0,247
0,1,0,5,1,248
0,1,0,6,0,249
0,1,0,6,1,250
0,1,0,7,0,251
0,1,0,7,1,252
0,1,0,8,0,253
0,1,0,8,1,254
0,1,0,9,0,255
0,1,0,9,1,256
#
# ground moss
0,1,1,3,0,229
0,1,1,3,1,230
0,1,1,10,0,231
0,1,1,10,1,232
0,1,1,11,0,233
0,1,1,11,1,234
0,1,1,6,0,235
0,1,1,6,1,236
0,1,1,7,0,237
0,1,1,7,1,238
0,1,1,8,0,239
0,1,1,8,1,240
0,1,1,9,0,241
0,1,1,9,1,242
#
# puddle
0,1,2,3,0,257
0,1,2,3,1,258
0,1,2,4,0,259
0,1,2,4,1,260
0,1,2,5,0,261
0,1,2,5,1,262
0,1,2,6,0,263
0,1,2,6,1,264
0,1,2,7,0,265
0,1,2,7,1,266
0,1,2,8,0,267
0,1,2,8,1,268
0,1,2,9,0,269
0,1,2,9,1,270
0,1,2,10,0,271
0,1,2,10,1,272
0,1,2,11,0,273
0,1,2,11,1,274
#
# square grate
0,1,3,3,0,175
0,1,3,3,1,176
0,1,3,4,0,177
0,1,3,4,1,178
0,1,3,5,0,179
0,1,3,5,1,180
0,1,3,6,0,181
0,1,3,6,1,182
0,1,3,7,0,183
0,1,3,7,1,184
0,1,3,8,0,185
0,1,3,8,1,186
0,1,3,9,0,187
0,1,3,9,1,188
0,1,3,10,0,189
0,1,3,10,1,190
0,1,3,11,0,191
0,1,3,11,1,192
#
# round grate
0,1,4,3,0,193
0,1,4,3,1,194
0,1,4,4,0,195
0,1,4,4,1,196
0,1,4,5,0,197
0,1,4,5,1,198
0,1,4,6,0,199
0,1,4,6,1,200
0,1,4,7,0,201
0,1,4,7,1,202
0,1,4,8,0,203
0,1,4,8,1,204
0,1,4,9,0,205
0,1,4,9,1,206
0,1,4,10,0,207
0,1,4,10,1,208
0,1,4,11,0,209
0,1,4,11,1,210
#
# firepit
0,1,5,3,0,211
0,1,5,3,1,212
0,1,5,4,0,213
0,1,5,4,1,214
0,1,5,5,0,215
0,1,5,5,1,216
0,1,5,6,0,217
0,1,5,6,1,218
0,1,5,7,0,219
0,1,5,7,1,220
0,1,5,8,0,221
0,1,5,8,1,222
0,1,5,9,0,223
0,1,5,9,1,224
0,1,5,10,0,225
0,1,5,10,1,226
0,1,5,11,0,227
0,1,5,11,1,228
#
# altar of rebirth
1,1,0,0,0,275
1,1,0,0,1,276
1,1,0,1,0,277
1,1,0,1,1,278
1,1,0,2,0,279
1,1,0,2,1,280
1,1,0,3,0,281
1,1,0,3,1,282
1,1,0,4,0,283
1,1,0,4,1,284
1,1,0,5,0,285
1,1,0,5,1,286
1,1,0,6,0,287
1,1,0,6,1,288
1,1,0,7,0,289
1,1,0,7,1,290
1,1,0,8,0,291
1,1,0,8,1,292
1,1,0,9,0,293
1,1,0,9,1,294
1,1,0,10,0,295
1,1,0,10,1,296
1,1,0,11,0,297
1,1,0,11,1,298
1,1,0,12,0,299
1,1,0,12,1,300
#
# square alcove
1,1,1,0,0,327
1,1,1,1,0,328
1,1,1,1,1,329
1,1,1,2,0,330
1,1,1,2,1,331
1,1,1,3,0,332
1,1,1,4,0,333
1,1,1,4,1,334
1,1,1,5,0,335
1,1,1,5,1,336
1,1,1,6,0,337
1,1,1,7,0,338
1,1,1,8,0,339
1,1,1,9,0,340
1,1,1,9,1,341
1,1,1,10,0,342
1,1,1,10,1,343
1,1,1,11,0,344
1,1,1,12,0,345
#
# round alcove
1,1,2,0,0,301
1,1,2,0,1,302
1,1,2,1,0,303
1,1,2,1,1,304
1,1,2,2,0,305
1,1,2,2,1,306
1,1,2,3,0,307
1,1,2,3,1,308
1,1,2,4,0,309
1,1,2,4,1,310
1,1,2,5,0,311
1,1,2,5,1,312
1,1,2,6,0,313
1,1,2,6,1,314
1,1,2,7,0,315
1,1,2,7,1,316
1,1,2,8,0,317
1,1,2,8,1,318
1,1,2,9,0,319
1,1,2,9,1,320
1,1,2,10,0,321
1,1,2,10,1,322
1,1,2,11,0,323
1,1,2,11,1,324
1,1,2,12,0,325
1,1,2,12,1,326
#
# wall crack
1,2,0,0,0,346
1,2,0,0,1,347
1,2,0,1,0,348
1,2,0,1,1,349
1,2,0,2,0,350
1,2,0,2,1,351
1,2,0,3,0,352
1,2,0,3,1,353
1,2,0,4,0,354
1,2,0,4,1,355
1,2,0,5,0,356
1,2,0,5,1,357
1,2,0,6,0,358
1,2,0,6,1,359
1,2,0,7,0,360
1,2,0,7,1,361
1,2,0,8,0,362
1,2,0,8,1,363
1,2,0,11,0,364
1,2,0,11,1,365
1,2,0,12,0,366
1,2,0,12,1,367
#
# wall moss
#
1,2,1,0,0,368
1,2,1,0,1,369
1,2,1,1,0,370
1,2,1,1,1,371
1,2,1,2,0,372
1,2,1,2,1,373
1,2,1,3,0,374
1,2,1,3,1,375
1,2,1,4,0,376
1,2,1,4,1,377
1,2,1,5,0,378
1,2,1,5,1,379
1,2,1,6,0,380
1,2,1,6,1,381
1,2,1,7,0,382
1,2,1,7,1,383
1,2,1,8,1,384
1,2,1,11,1,385
1,2,1,12,1,386
#
# demon face
1,2,2,0,0,387
1,2,2,0,1,388
1,2,2,1,0,389
1,2,2,1,1,390
1,2,2,2,0,391
1,2,2,2,1,392
1,2,2,3,0,393
1,2,2,3,1,394
1,2,2,4,0,395
1,2,2,4,1,396
1,2,2,5,0,397
1,2,2,5,1,398
1,2,2,6,0,399
1,2,2,6,1,400
1,2,2,7,0,401
1,2,2,7,1,402
1,2,2,8,0,403
1,2,2,8,1,404
1,2,2,9,0,405
1,2,2,9,1,406
1,2,2,10,0,407
1,2,2,10,1,408
1,2,2,11,0,409
1,2,2,11,1,410
1,2,2,12,0,411
1,2,2,12,1,412
#
# wall dent
1,2,3,0,0,413
1,2,3,0,1,414
1,2,3,1,0,415
1,2,3,1,1,416
1,2,3,2,0,417
1,2,3,2,1,418
1,2,3,3,0,419
1,2,3,3,1,420
1,2,3,4,0,421
1,2,3,5,0,422
1,2,3,6,0,423
1,2,3,6,1,424
1,2,3,7,0,425
1,2,3,7,1,426
1,2,3,8,0,427
1,2,3,8,1,428
1,2,3,9,0,430
1,2,3,10,0,435
1,2,3,11,0,431
1,2,3,11,1,432
1,2,3,12,0,433
1,2,3,12,1,434
#
# dragon scratches
1,2,4,0,0,436
1,2,4,0,1,437
1,2,4,1,0,438
1,2,4,1,1,439
1,2,4,2,0,440
1,2,4,2,1,441
1,2,4,3,0,442
1,2,4,3,1,443
1,2,4,4,0,444
1,2,4,4,1,445
1,2,4,5,0,446
1,2,4,5,1,447
1,2,4,6,0,448
1,2,4,6,1,449
1,2,4,7,0,450
1,2,4,7,1,451
1,2,4,8,0,452
1,2,4,8,1,453
1,2,4,9,0,454
1,2,4,9,1,455
1,2,4,10,0,456
1,2,4,10,1,457
1,2,4,11,0,458
1,2,4,11,1,459
1,2,4,12,0,460
1,2,4,12,1,461
#
# wall grating
1,2,5,0,0,462
1,2,5,0,1,463
1,2,5,1,0,464
1,2,5,1,1,465
1,2,5,2,0,466
1,2,5,2,1,467
1,2,5,3,0,468
1,2,5,4,0,469
1,2,5,4,1,470
1,2,5,5,0,471
1,2,5,5,1,472
1,2,5,6,0,473
1,2,5,7,0,474
1,2,5,8,0,475
1,2,5,9,0,476
1,2,5,9,1,477
1,2,5,10,0,478
1,2,5,10,1,479
1,2,5,11,0,480
1,2,5,12,0,481
#
# hook
1,2,6,0,0,482
1,2,6,0,1,483
1,2,6,1,0,484
1,2,6,1,1,485
1,2,6,2,0,486
1,2,6,2,1,487
1,2,6,3,0,488
1,2,6,3,1,489
1,2,6,4,0,490
1,2,6,4,1,491
1,2,6,5,0,492
1,2,6,5,1,493
1,2,6,6,0,494
1,2,6,6,1,495
1,2,6,7,0,496
1,2,6,7,1,497
1,2,6,8,0,498
1,2,6,8,1,499
1,2,6,9,0,500
1,2,6,9,1,501
1,2,6,10,0,502
1,2,6,10,1,503
1,2,6,11,0,504
1,2,6,11,1,505
1,2,6,12,0,506
1,2,6,12,1,507
#
# manacles
1,2,7,0,0,508
1,2,7,0,1,509
1,2,7,1,0,510
1,2,7,1,1,511
1,2,7,2,0,512
1,2,7,2,1,513
1,2,7,3,0,514
1,2,7,3,1,515
1,2,7,4,0,516
1,2,7,4,1,517
1,2,7,5,0,518
1,2,7,5,1,519
1,2,7,6,0,520
1,2,7,6,1,521
1,2,7,7,0,522
1,2,7,7,1,523
1,2,7,8,0,524
1,2,7,8,1,525
1,2,7,9,0,526
1,2,7,9,1,527
1,2,7,10,0,528
1,2,7,10,1,529
1,2,7,11,0,530
1,2,7,11,1,531
1,2,7,12,0,532
1,2,7,12,1,533
#
# normal ring
1,2,8,0,0,534
1,2,8,0,1,535
1,2,8,1,0,536
1,2,8,1,1,537
1,2,8,2,0,538
1,2,8,2,1,539
1,2,8,3,0,540
1,2,8,3,1,541
1,2,8,4,0,542
1,2,8,4,1,543
1,2,8,5,0,544
1,2,8,5,1,545
1,2,8,6,0,546
1,2,8,6,1,547
1,2,8,7,0,548
1,2,8,7,1,549
1,2,8,8,0,550
1,2,8,8,1,551
1,2,8,9,0,552
1,2,8,9,1,553
1,2,8,10,0,554
1,2,8,10,1,555
1,2,8,11,0,556
1,2,8,11,1,557
1,2,8,12,0,558
1,2,8,12,1,559
#
# plated ring
1,2,9,0,0,560
1,2,9,0,1,561
1,2,9,1,0,562
1,2,9,1,1,563
1,2,9,2,0,564
1,2,9,2,1,565
1,2,9,3,0,566
1,2,9,3,1,567
1,2,9,4,0,568
1,2,9,4,1,569
1,2,9,5,0,570
1,2,9,5,1,571
1,2,9,6,0,572
1,2,9,6,1,573
1,2,9,7,0,574
1,2,9,7,1,575
1,2,9,8,0,576
1,2,9,8,1,577
1,2,9,9,0,578
1,2,9,9,1,579
1,2,9,10,0,580
1,2,9,10,1,581
1,2,9,11,0,582
1,2,9,11,1,583
1,2,9,12,0,584
1,2,9,12,1,585
#
# slime outlet
1,2,10,0,0,586
1,2,10,0,1,587
1,2,10,1,0,588
1,2,10,1,1,589
1,2,10,2,0,590
1,2,10,2,1,591
1,2,10,3,0,592
1,2,10,3,1,593
1,2,10,4,0,594
1,2,10,4,1,595
1,2,10,5,0,596
1,2,10,5,1,597
1,2,10,6,0,598
1,2,10,6,1,599
1,2,10,7,0,600
1,2,10,7,1,601
1,2,10,8,0,602
1,2,10,8,1,603
1,2,10,9,0,604
1,2,10,9,1,605
1,2,10,10,0,606
1,2,10,10,1,607
1,2,10,11,0,608
1,2,10,11,1,609
1,2,10,12,0,610
1,2,10,12,1,611
#
# Tiny pad
0,2,1,3,0,612
0,2,1,3,1,613
#
# Small pad
0,2,2,3,0,614
0,2,2,3,1,615
0,2,2,4,0,616
0,2,2,4,1,617
0,2,2,5,0,618
0,2,2,5,1,619
0,2,2,6,0,620
0,2,2,6,1,621
0,2,2,7,0,622
0,2,2,7,1,623
0,2,2,8,0,624
0,2,2,8,1,625
0,2,2,9,0,626
0,2,2,9,1,627
0,2,2,10,0,628
0,2,2,10,1,629
0,2,2,11,0,630
0,2,2,11,1,631
#
# Large pad
0,2,3,3,0,632
0,2,3,3,1,633
0,2,3,4,0,634
0,2,3,4,1,635
0,2,3,5,0,636
0,2,3,5,1,637
0,2,3,6,0,638
0,2,3,6,1,639
0,2,3,7,0,640
0,2,3,7,1,641
0,2,3,8,0,642
0,2,3,8,1,643
0,2,3,9,0,644
0,2,3,9,1,645
0,2,3,10,0,646
0,2,3,10,1,647
0,2,3,11,0,648
0,2,3,11,1,649
#
# tiny switch
1,4,0,0,0,663
1,4,0,0,1,664
1,4,0,1,0,665
1,4,0,1,1,666
1,4,0,2,0,667
1,4,0,2,1,668
1,4,0,3,0,669
1,4,0,3,1,670
1,4,0,6,0,671
1,4,0,6,1,672
1,4,0,7,0,673
1,4,0,7,1,674
1,4,0,8,0,913
1,4,0,11,0,914
1,4,0,12,0,915
#
# small switch
1,4,1,0,0,675
1,4,1,1,0,676
#1,4,1,1,1,677
1,4,1,2,0,678
#1,4,1,2,1,679
1,4,1,3,0,680
1,4,1,6,0,681
1,4,1,7,0,682
1,4,1,8,0,683
1,4,1,11,0,684
1,4,1,12,0,685
#
# big switch (off)
1,4,2,0,0,686
1,4,2,0,1,687
1,4,2,1,0,688
1,4,2,1,1,689
1,4,2,2,0,690
1,4,2,2,1,691
1,4,2,3,0,692
1,4,2,3,1,693
1,4,2,4,0,694
1,4,2,4,1,695
1,4,2,5,0,696
1,4,2,5,1,697
1,4,2,6,0,698
1,4,2,6,1,699
1,4,2,7,0,700
1,4,2,7,1,701
1,4,2,8,0,702
1,4,2,8,1,703
1,4,2,9,0,704
1,4,2,10,0,705
1,4,2,11,0,706
1,4,2,11,1,707
1,4,2,12,0,708
1,4,2,12,1,709
#
# big switch (on : id + 32 = 34)
1,4,34,0,0,710
1,4,34,0,1,711
1,4,34,1,0,712
1,4,34,1,1,713
1,4,34,2,0,714
1,4,34,2,1,715
1,4,34,3,0,716
1,4,34,3,1,717
1,4,34,4,0,718
1,4,34,4,1,719
1,4,34,5,0,720
1,4,34,5,1,721
1,4,34,6,0,722
1,4,34,6,1,723
1,4,34,7,0,724
1,4,34,7,1,725
1,4,34,8,0,726
1,4,34,8,1,727
1,4,34,9,0,728
1,4,34,10,0,729
1,4,34,11,0,730
1,4,34,11,1,731
1,4,34,12,0,732
1,4,34,12,1,733
#
# cranny switch (off)
1,4,3,0,0,734
1,4,3,0,1,735
1,4,3,1,0,736
1,4,3,1,1,737
1,4,3,2,0,738
1,4,3,2,1,739
1,4,3,3,0,740
1,4,3,3,1,741
1,4,3,4,0,742
1,4,3,5,0,743
1,4,3,6,0,744
1,4,3,6,1,745
1,4,3,7,0,746
1,4,3,7,1,747
1,4,3,8,0,748
1,4,3,8,1,749
1,4,3,9,0,750
1,4,3,10,0,751
1,4,3,11,0,752
1,4,3,11,1,753
1,4,3,12,0,754
1,4,3,12,1,755
#
# cranny switch (on : id + 32 = 35)
1,4,35,0,0,756
1,4,35,0,1,735
1,4,35,1,0,736
1,4,35,1,1,737
1,4,35,2,0,738
1,4,35,2,1,739
1,4,35,3,0,757
1,4,35,3,1,741
1,4,35,4,0,742
1,4,35,5,0,743
1,4,35,6,0,758
1,4,35,6,1,745
1,4,35,7,0,759
1,4,35,7,1,747
1,4,35,8,0,760
1,4,35,8,1,749
1,4,35,9,0,750
1,4,35,10,0,751
1,4,35,11,0,761
1,4,35,11,1,753
1,4,35,12,0,762
1,4,35,12,1,755
#
# blue gem switch (off)
1,4,4,0,0,763
1,4,4,0,1,764
1,4,4,1,0,765
1,4,4,1,1,766
1,4,4,2,0,767
1,4,4,2,1,768
1,4,4,3,0,769
1,4,4,3,1,770
1,4,4,4,0,771
1,4,4,4,1,772
1,4,4,5,0,773
1,4,4,5,1,774
1,4,4,6,0,775
1,4,4,6,1,776
1,4,4,7,0,777
1,4,4,7,1,778
1,4,4,8,0,779
1,4,4,8,1,780
1,4,4,9,0,781
1,4,4,9,1,782
1,4,4,10,0,783
1,4,4,10,1,784
1,4,4,11,0,785
1,4,4,11,1,786
1,4,4,12,0,787
1,4,4,12,1,788
#
# blue gem switch (on : id + 32 = 36)
1,4,36,0,0,789
1,4,36,0,1,764
1,4,36,1,0,790
1,4,36,1,1,766
1,4,36,2,0,791
1,4,36,2,1,768
1,4,36,3,0,792
1,4,36,3,1,770
1,4,36,4,0,793
1,4,36,4,1,772
1,4,36,5,0,794
1,4,36,5,1,774
1,4,36,6,0,795
1,4,36,6,1,776
1,4,36,7,0,796
1,4,36,7,1,778
1,4,36,8,0,797
1,4,36,8,1,780
1,4,36,9,0,798
1,4,36,9,1,782
1,4,36,10,0,799
1,4,36,10,1,784
1,4,36,11,0,800
1,4,36,11,1,786
1,4,36,12,0,801
1,4,36,12,1,788
#
# green gem switch (off)
1,4,5,0,0,802
1,4,5,0,1,764
1,4,5,1,0,803
1,4,5,1,1,766
1,4,5,2,0,804
1,4,5,2,1,768
1,4,5,3,0,805
1,4,5,3,1,770
1,4,5,4,0,806
1,4,5,4,1,772
1,4,5,5,0,807
1,4,5,5,1,774
1,4,5,6,0,808
1,4,5,6,1,776
1,4,5,7,0,809
1,4,5,7,1,778
1,4,5,8,0,810
1,4,5,8,1,780
1,4,5,9,0,811
1,4,5,9,1,782
1,4,5,10,0,812
1,4,5,10,1,784
1,4,5,11,0,813
1,4,5,11,1,786
1,4,5,12,0,814
1,4,5,12,1,788
#
# green gem switch (on : id + 32 = 37)
1,4,37,0,0,815
1,4,37,0,1,764
1,4,37,1,0,816
1,4,37,1,1,766
1,4,37,2,0,817
1,4,37,2,1,768
1,4,37,3,0,818
1,4,37,3,1,770
1,4,37,4,0,819
1,4,37,4,1,772
1,4,37,5,0,820
1,4,37,5,1,774
1,4,37,6,0,821
1,4,37,6,1,776
1,4,37,7,0,822
1,4,37,7,1,778
1,4,37,8,0,823
1,4,37,8,1,780
1,4,37,9,0,824
1,4,37,9,1,782
1,4,37,10,0,825
1,4,37,10,1,784
1,4,37,11,0,826
1,4,37,11,1,786
1,4,37,12,0,827
1,4,37,12,1,788
#
# red cross switch (off)
1,4,6,0,0,828
1,4,6,0,1,829
1,4,6,1,0,830
1,4,6,1,1,831
1,4,6,2,0,832
1,4,6,2,1,833
1,4,6,3,0,834
1,4,6,3,1,835
1,4,6,4,0,836
1,4,6,4,1,837
1,4,6,5,0,838
1,4,6,5,1,839
1,4,6,6,0,840
1,4,6,6,1,841
1,4,6,7,0,842
1,4,6,7,1,843
1,4,6,8,0,844
1,4,6,8,1,845
1,4,6,9,0,846
1,4,6,10,0,847
1,4,6,11,0,848
1,4,6,11,1,849
1,4,6,12,0,850
1,4,6,12,1,851
#
# red cross switch (on : id + 32 = 38)
1,4,38,0,0,852
1,4,38,0,1,829
1,4,38,1,0,853
1,4,38,1,1,831
1,4,38,2,0,854
1,4,38,2,1,833
1,4,38,3,0,855
1,4,38,3,1,835
1,4,38,4,0,836
1,4,38,4,1,837
1,4,38,5,0,838
1,4,38,5,1,839
1,4,38,6,0,856
1,4,38,6,1,841
1,4,38,7,0,857
1,4,38,7,1,843
1,4,38,8,0,858
1,4,38,8,1,845
1,4,38,9,0,846
1,4,38,10,0,847
1,4,38,11,0,859
1,4,38,11,1,849
1,4,38,12,0,860
1,4,38,12,1,851
#
# lever (off = up)
1,4,7,0,0,861
1,4,7,0,1,862
1,4,7,1,0,863
1,4,7,1,1,864
1,4,7,2,0,865
1,4,7,2,1,866
1,4,7,3,0,867
1,4,7,3,1,868
1,4,7,4,0,869
1,4,7,4,1,870
1,4,7,5,0,871
1,4,7,5,1,872
1,4,7,6,0,873
1,4,7,6,1,874
1,4,7,7,0,875
1,4,7,7,1,876
1,4,7,8,0,877
1,4,7,8,1,878
1,4,7,9,0,879
1,4,7,9,1,880
1,4,7,10,0,881
1,4,7,10,1,882
1,4,7,11,0,883
1,4,7,11,1,884
1,4,7,12,0,885
1,4,7,12,1,886
#
# lever (on = down, id + 32 = 39)
1,4,39,0,0,887
1,4,39,0,1,888
1,4,39,1,0,889
1,4,39,1,1,890
1,4,39,2,0,891
1,4,39,2,1,892
1,4,39,3,0,893
1,4,39,3,1,894
1,4,39,4,0,895
1,4,39,4,1,896
1,4,39,5,0,897
1,4,39,5,1,898
1,4,39,6,0,899
1,4,39,6,1,900
1,4,39,7,0,901
1,4,39,7,1,902
1,4,39,8,0,903
1,4,39,8,1,904
1,4,39,9,0,905
1,4,39,9,1,906
1,4,39,10,0,907
1,4,39,10,1,908
1,4,39,11,0,909
1,4,39,11,1,910
1,4,39,12,0,911
1,4,39,12,1,912
#
# black door
#
0,3,3,3,0,132
0,3,3,4,0,132
0,3,3,5,0,132
0,3,3,6,0,131
0,3,3,7,0,131
0,3,3,8,0,131
0,3,3,9,0,130
0,3,3,10,0,130
0,3,3,11,0,130
#
# iron door
#
0,3,4,3,0,918
0,3,4,3,1,919
0,3,4,4,0,918
0,3,4,4,1,919
0,3,4,5,0,918
0,3,4,5,1,919
0,3,4,6,0,920
0,3,4,6,1,921
0,3,4,7,0,920
0,3,4,7,1,921
0,3,4,8,0,920
0,3,4,8,1,921
0,3,4,9,0,922
0,3,4,9,1,923
0,3,4,10,0,922
0,3,4,10,1,923
0,3,4,11,0,922
0,3,4,11,1,923
#
# old iron door
#
0,3,5,3,0,924
0,3,5,3,1,925
0,3,5,4,0,924
0,3,5,4,1,925
0,3,5,5,0,924
0,3,5,5,1,925
0,3,5,6,0,926
0,3,5,6,1,927
0,3,5,7,0,926
0,3,5,7,1,927
0,3,5,8,0,926
0,3,5,8,1,927
0,3,5,9,0,928
0,3,5,9,1,929
0,3,5,10,0,928
0,3,5,10,1,929
0,3,5,11,0,928
0,3,5,11,1,929
#
# porticullis
#
0,3,6,3,0,930
0,3,6,3,1,931
0,3,6,4,0,930
0,3,6,4,1,931
0,3,6,5,0,930
0,3,6,5,1,931
0,3,6,6,0,932
0,3,6,6,1,933
0,3,6,7,0,932
0,3,6,7,1,933
0,3,6,8,0,932
0,3,6,8,1,933
0,3,6,9,0,934
0,3,6,9,1,935
0,3,6,10,0,934
0,3,6,10,1,935
0,3,6,11,0,934
0,3,6,11,1,935
#
# porticullis with lock
#
0,3,7,3,0,936
0,3,7,3,1,937
0,3,7,4,0,936
0,3,7,4,1,937
0,3,7,5,0,936
0,3,7,5,1,937
0,3,7,6,0,938
0,3,7,6,1,939
0,3,7,7,0,938
0,3,7,7,1,939
0,3,7,8,0,938
0,3,7,8,1,939
0,3,7,9,0,940
0,3,7,9,1,941
0,3,7,10,0,940
0,3,7,10,1,941
0,3,7,11,0,940
0,3,7,11,1,941
#
# porticullis with ornamentation
#
0,3,8,3,0,942
0,3,8,3,1,943
0,3,8,4,0,942
0,3,8,4,1,943
0,3,8,5,0,942
0,3,8,5,1,943
0,3,8,6,0,944
0,3,8,6,1,945
0,3,8,7,0,944
0,3,8,7,1,945
0,3,8,8,0,944
0,3,8,8,1,945
0,3,8,9,0,946
0,3,8,9,1,947
0,3,8,10,0,946
0,3,8,10,1,947
0,3,8,11,0,946
0,3,8,11,1,947
#
# wooden door
#
0,3,9,3,0,948
0,3,9,3,1,949
0,3,9,4,0,948
0,3,9,4,1,949
0,3,9,5,0,948
0,3,9,5,1,949
0,3,9,6,0,950
0,3,9,6,1,951
0,3,9,7,0,950
0,3,9,7,1,951
0,3,9,8,0,950
0,3,9,8,1,951
0,3,9,9,0,952
0,3,9,10,0,952
0,3,9,11,0,952
#
# broken door
#
0,3,10,3,0,953
0,3,10,3,1,954
0,3,10,4,0,953
0,3,10,4,1,954
0,3,10,5,0,953
0,3,10,5,1,954
0,3,10,6,0,955
0,3,10,6,1,956
0,3,10,7,0,955
0,3,10,7,1,956
0,3,10,8,0,955
0,3,10,8,1,956
0,3,10,9,0,957
0,3,10,9,1,958
0,3,10,10,0,957
0,3,10,10,1,958
0,3,10,11,0,957
0,3,10,11,1,958
#
# reinforced wooden door
#
0,3,11,3,0,959
0,3,11,3,1,960
0,3,11,4,0,959
0,3,11,4,1,960
0,3,11,5,0,959
0,3,11,5,1,960
0,3,11,6,0,961
0,3,11,6,1,962
0,3,11,7,0,961
0,3,11,7,1,962
0,3,11,8,0,961
0,3,11,8,1,962
0,3,11,9,0,963
0,3,11,10,0,963
0,3,11,11,0,963
#
# barred wooden door
#
0,3,12,3,0,964
0,3,12,3,1,965
0,3,12,4,0,964
0,3,12,4,1,965
0,3,12,5,0,964
0,3,12,5,1,965
0,3,12,6,0,966
0,3,12,6,1,967
0,3,12,7,0,966
0,3,12,7,1,967
0,3,12,8,0,966
0,3,12,8,1,967
0,3,12,9,0,968
0,3,12,10,0,968
0,3,12,11,0,968
#
# squared windowed wooden door
#
0,3,13,3,0,969
0,3,13,3,1,970
0,3,13,4,0,969
0,3,13,4,1,970
0,3,13,5,0,969
0,3,13,5,1,970
0,3,13,6,0,971
0,3,13,6,1,972
0,3,13,7,0,971
0,3,13,7,1,972
0,3,13,8,0,971
0,3,13,8,1,972
0,3,13,9,0,973
0,3,13,10,0,973
0,3,13,11,0,973
#
# rounded windowed wooden door
#
0,3,14,3,0,974
0,3,14,3,1,975
0,3,14,4,0,974
0,3,14,4,1,975
0,3,14,5,0,974
0,3,14,5,1,975
0,3,14,6,0,976
0,3,14,6,1,977
0,3,14,7,0,976
0,3,14,7,1,977
0,3,14,8,0,976
0,3,14,8,1,977
0,3,14,9,0,978
0,3,14,10,0,978
0,3,14,11,0,978
#
# golden wooden door
#
0,3,15,3,0,979
0,3,15,3,1,980
0,3,15,4,0,979
0,3,15,4,1,980
0,3,15,5,0,979
0,3,15,5,1,980
0,3,15,6,0,981
0,3,15,6,1,982
0,3,15,7,0,981
0,3,15,7,1,982
0,3,15,8,0,981
0,3,15,8,1,982
0,3,15,9,0,983
0,3,15,10,0,983
0,3,15,11,0,983
#
# Ra door
#
0,3,16,3,0,984
0,3,16,3,1,985
0,3,16,4,0,984
0,3,16,4,1,985
0,3,16,5,0,984
0,3,16,5,1,985
0,3,16,6,0,988
0,3,16,6,1,989
0,3,16,7,0,988
0,3,16,7,1,989
0,3,16,8,0,988
0,3,16,8,1,989
0,3,16,9,0,992
0,3,16,9,1,993
0,3,16,10,0,992
0,3,16,10,1,993
0,3,16,11,0,992
0,3,16,11,1,993
#
# energized Ra door
#
0,3,17,3,0,996
0,3,17,3,1,997
0,3,17,4,0,996
0,3,17,4,1,997
0,3,17,5,0,996
0,3,17,5,1,997
0,3,17,6,0,1000
0,3,17,6,1,1001
0,3,17,7,0,1000
0,3,17,7,1,1001
0,3,17,8,0,1000
0,3,17,8,1,1001
0,3,17,9,0,1004
0,3,17,9,1,1005
0,3,17,10,0,1004
0,3,17,10,1,1005
0,3,17,11,0,1004
0,3,17,11,1,1005
#
# armoured wooden door
#
0,3,18,3,0,1153
0,3,18,3,1,1154
0,3,18,4,0,1153
0,3,18,4,1,1154
0,3,18,5,0,1153
0,3,18,5,1,1154
0,3,18,6,0,1155
0,3,18,6,1,1156
0,3,18,7,0,1155
0,3,18,7,1,1156
0,3,18,8,0,1155
0,3,18,8,1,1156
0,3,18,9,0,1157
0,3,18,10,0,1157
0,3,18,11,0,1157
#
# Wall inscription
#
1,3,0,0,0,1008
1,3,0,1,0,1009
1,3,0,1,1,1010
1,3,0,2,0,1011
1,3,0,2,1,1012
1,3,0,3,0,1013
1,3,0,3,1,1014
1,3,0,4,0,1015
1,3,0,4,1,1016
1,3,0,5,0,1017
1,3,0,5,1,1018
1,3,0,6,0,1019
1,3,0,6,1,1020
1,3,0,7,0,1021
1,3,0,7,1,1022
1,3,0,8,0,1023
1,3,0,8,1,1024
1,3,0,9,0,1025
1,3,0,9,1,1026
1,3,0,10,0,1027
1,3,0,10,1,1028
1,3,0,11,0,1029
1,3,0,11,1,1030
1,3,0,12,0,1031
1,3,0,12,1,1032
#
# Wall inscription (1 line only)
#
1,3,1,1,0,1085
1,3,1,1,1,1086
1,3,1,2,0,1087
1,3,1,2,1,1088
1,3,1,3,0,1089
1,3,1,3,1,1090
1,3,1,4,0,1091
1,3,1,4,1,1092
1,3,1,5,0,1093
1,3,1,5,1,1094
1,3,1,6,0,1095
1,3,1,6,1,1096
1,3,1,7,0,1097
1,3,1,7,1,1098
1,3,1,8,0,1099
1,3,1,8,1,1100
1,3,1,9,0,1025
1,3,1,9,1,1026
1,3,1,10,0,1027
1,3,1,10,1,1028
1,3,1,11,0,1101
1,3,1,11,1,1102
1,3,1,12,0,1103
1,3,1,12,1,1104
#
# waterfall
#
0,4,1,0,0,1105
0,4,1,0,1,1106
0,4,1,1,0,1107
0,4,1,1,1,1108
0,4,1,2,0,1109
0,4,1,2,1,1110
0,4,1,3,0,1111
0,4,1,3,1,1112
0,4,1,4,0,1113
0,4,1,4,1,1114
0,4,1,5,0,1115
0,4,1,5,1,1116
0,4,1,6,0,1117
0,4,1,6,1,1118
0,4,1,7,0,1119
0,4,1,7,1,1120
0,4,1,8,0,1121
0,4,1,8,1,1122
0,4,1,9,0,1123
0,4,1,9,1,1124
0,4,1,10,0,1125
0,4,1,10,1,1126
0,4,1,11,0,1127
0,4,1,11,1,1128
#
# waterfall (alternate 1)
#
0,4,2,0,0,1129
0,4,2,0,1,1130
0,4,2,1,0,1131
0,4,2,1,1,1132
0,4,2,2,0,1133
0,4,2,2,1,1134
0,4,2,3,0,1135
0,4,2,3,1,1136
0,4,2,4,0,1137
0,4,2,4,1,1138
0,4,2,5,0,1139
0,4,2,5,1,1140
0,4,2,6,0,1141
0,4,2,6,1,1142
0,4,2,7,0,1143
0,4,2,7,1,1144
0,4,2,8,0,1145
0,4,2,8,1,1146
0,4,2,9,0,1147
0,4,2,9,1,1148
0,4,2,10,0,1149
0,4,2,10,1,1150
0,4,2,11,0,1151
0,4,2,11,1,1152
#
# waterfall (alternate 2)
#
0,4,3,0,0,1158
0,4,3,0,1,1159
0,4,3,1,0,1160
0,4,3,1,1,1161
0,4,3,2,0,1162
0,4,3,2,1,1163
0,4,3,3,0,1164
0,4,3,3,1,1165
0,4,3,4,0,1166
0,4,3,4,1,1167
0,4,3,5,0,1168
0,4,3,5,1,1169
0,4,3,6,0,1170
0,4,3,6,1,1171
0,4,3,7,0,1172
0,4,3,7,1,1173
0,4,3,8,0,1174
0,4,3,8,1,1175
0,4,3,9,0,1176
0,4,3,9,1,1177
0,4,3,10,0,1178
0,4,3,10,1,1179
0,4,3,11,0,1180
0,4,3,11,1,1181
#
# beta keyhole
#
1,5,0,0,0,1338
1,5,0,0,1,1339
1,5,0,1,0,1340
1,5,0,1,1,1341
1,5,0,2,0,1342
1,5,0,2,1,1343
1,5,0,3,0,1344
1,5,0,3,1,1345
1,5,0,4,0,1346
1,5,0,4,1,1347
1,5,0,5,0,1348
1,5,0,5,1,1349
1,5,0,6,0,1350
1,5,0,6,1,1351
1,5,0,7,0,1352
1,5,0,7,1,1353
1,5,0,8,0,1354
1,5,0,8,1,1355
1,5,0,9,0,1356
1,5,0,9,1,1357
1,5,0,10,0,1358
1,5,0,10,1,1359
1,5,0,11,0,1360
1,5,0,11,1,1361
1,5,0,12,0,1362
1,5,0,12,1,1363
#
# cross keyhole
#
1,5,1,0,0,1208
1,5,1,0,1,1209
1,5,1,1,0,1210
1,5,1,1,1,1211
1,5,1,2,0,1212
1,5,1,2,1,1213
1,5,1,3,0,1214
1,5,1,3,1,1215
1,5,1,4,0,1216
1,5,1,4,1,1217
1,5,1,5,0,1218
1,5,1,5,1,1219
1,5,1,6,0,1220
1,5,1,6,1,1221
1,5,1,7,0,1222
1,5,1,7,1,1223
1,5,1,8,0,1224
1,5,1,8,1,1225
1,5,1,9,0,1226
1,5,1,9,1,1227
1,5,1,10,0,1228
1,5,1,10,1,1229
1,5,1,11,0,1230
1,5,1,11,1,1231
1,5,1,12,0,1232
1,5,1,12,1,1233
#
# double keyhole
#
1,5,2,0,0,1234
1,5,2,0,1,1235
1,5,2,1,0,1236
1,5,2,1,1,1237
1,5,2,2,0,1238
1,5,2,2,1,1239
1,5,2,3,0,1240
1,5,2,3,1,1241
1,5,2,4,0,1242
1,5,2,4,1,1243
1,5,2,5,0,1244
1,5,2,5,1,1245
1,5,2,6,0,1246
1,5,2,6,1,1247
1,5,2,7,0,1248
1,5,2,7,1,1249
1,5,2,8,0,1250
1,5,2,8,1,1251
1,5,2,9,0,1252
1,5,2,9,1,1253
1,5,2,10,0,1254
1,5,2,10,1,1255
1,5,2,11,0,1256
1,5,2,11,1,1257
1,5,2,12,0,1258
1,5,2,12,1,1259
#
# emerald keyhole
#
1,5,3,0,0,1260
1,5,3,0,1,1261
1,5,3,1,0,1262
1,5,3,1,1,1263
1,5,3,2,0,1264
1,5,3,2,1,1265
1,5,3,3,0,1266
1,5,3,3,1,1267
1,5,3,4,0,1268
1,5,3,4,1,1269
1,5,3,5,0,1270
1,5,3,5,1,1271
1,5,3,6,0,1272
1,5,3,6,1,1273
1,5,3,7,0,1274
1,5,3,7,1,1275
1,5,3,8,0,1276
1,5,3,8,1,1277
1,5,3,9,0,1278
1,5,3,9,1,1279
1,5,3,10,0,1280
1,5,3,10,1,1281
1,5,3,11,0,1282
1,5,3,11,1,1283
1,5,3,12,0,1284
1,5,3,12,1,1285
#
# iron keyhole
#
1,5,4,0,0,1338
1,5,4,0,1,1339
1,5,4,1,0,1340
1,5,4,1,1,1341
1,5,4,2,0,1342
1,5,4,2,1,1343
1,5,4,3,0,1344
1,5,4,3,1,1345
1,5,4,4,0,1346
1,5,4,4,1,1347
1,5,4,5,0,1348
1,5,4,5,1,1349
1,5,4,6,0,1350
1,5,4,6,1,1351
1,5,4,7,0,1352
1,5,4,7,1,1353
1,5,4,8,0,1354
1,5,4,8,1,1355
1,5,4,9,0,1356
1,5,4,9,1,1357
1,5,4,10,0,1358
1,5,4,10,1,1359
1,5,4,11,0,1360
1,5,4,11,1,1361
1,5,4,12,0,1362
1,5,4,12,1,1363
#
# gold keyhole
#
1,5,5,0,0,1312
1,5,5,0,1,1313
1,5,5,1,0,1314
1,5,5,1,1,1315
1,5,5,2,0,1316
1,5,5,2,1,1317
1,5,5,3,0,1318
1,5,5,3,1,1319
1,5,5,4,0,1320
1,5,5,4,1,1321
1,5,5,5,0,1322
1,5,5,5,1,1323
1,5,5,6,0,1324
1,5,5,6,1,1325
1,5,5,7,0,1326
1,5,5,7,1,1327
1,5,5,8,0,1328
1,5,5,8,1,1329
1,5,5,9,0,1330
1,5,5,9,1,1331
1,5,5,10,0,1332
1,5,5,10,1,1333
1,5,5,11,0,1334
1,5,5,11,1,1335
1,5,5,12,0,1336
1,5,5,12,1,1337
#
# master keyhole
#
1,5,6,0,0,1364
1,5,6,0,1,1365
1,5,6,1,0,1366
1,5,6,1,1,1367
1,5,6,2,0,1368
1,5,6,2,1,1369
1,5,6,3,0,1370
1,5,6,3,1,1371
1,5,6,4,0,1372
1,5,6,4,1,1373
1,5,6,5,0,1374
1,5,6,5,1,1375
1,5,6,6,0,1376
1,5,6,6,1,1377
1,5,6,7,0,1378
1,5,6,7,1,1379
1,5,6,8,0,1380
1,5,6,8,1,1381
1,5,6,9,0,1382
1,5,6,9,1,1383
1,5,6,10,0,1384
1,5,6,10,1,1385
1,5,6,11,0,1386
1,5,6,11,1,1387
1,5,6,12,0,1388
1,5,6,12,1,1389
#
# onyx keyhole
#
1,5,7,0,0,1390
1,5,7,0,1,1391
1,5,7,1,0,1392
1,5,7,1,1,1393
1,5,7,2,0,1394
1,5,7,2,1,1395
1,5,7,3,0,1396
1,5,7,3,1,1397
1,5,7,4,0,1398
1,5,7,4,1,1399
1,5,7,5,0,1400
1,5,7,5,1,1401
1,5,7,6,0,1402
1,5,7,6,1,1403
1,5,7,7,0,1404
1,5,7,7,1,1405
1,5,7,8,0,1406
1,5,7,8,1,1407
1,5,7,9,0,1408
1,5,7,9,1,1409
1,5,7,10,0,1410
1,5,7,10,1,1411
1,5,7,11,0,1412
1,5,7,11,1,1413
1,5,7,12,0,1414
1,5,7,12,1,1415
#
# ra keyhole
#
1,5,8,0,0,1416
1,5,8,0,1,1417
1,5,8,1,0,1418
1,5,8,1,1,1419
1,5,8,2,0,1420
1,5,8,2,1,1421
1,5,8,3,0,1422
1,5,8,3,1,1423
1,5,8,4,0,1424
1,5,8,4,1,1425
1,5,8,5,0,1426
1,5,8,5,1,1427
1,5,8,6,0,1428
1,5,8,6,1,1429
1,5,8,7,0,1430
1,5,8,7,1,1431
1,5,8,8,0,1432
1,5,8,8,1,1433
1,5,8,9,0,1434
1,5,8,9,1,1435
1,5,8,10,0,1436
1,5,8,10,1,1437
1,5,8,11,0,1438
1,5,8,11,1,1439
1,5,8,12,0,1440
1,5,8,12,1,1441
#
# ruby keyhole
#
1,5,9,0,0,1442
1,5,9,0,1,1443
1,5,9,1,0,1444
1,5,9,1,1,1445
1,5,9,2,0,1446
1,5,9,2,1,1447
1,5,9,3,0,1448
1,5,9,3,1,1449
1,5,9,4,0,1450
1,5,9,4,1,1451
1,5,9,5,0,1452
1,5,9,5,1,1453
1,5,9,6,0,1454
1,5,9,6,1,1455
1,5,9,7,0,1456
1,5,9,7,1,1457
1,5,9,8,0,1458
1,5,9,8,1,1459
1,5,9,9,0,1460
1,5,9,9,1,1461
1,5,9,10,0,1462
1,5,9,10,1,1463
1,5,9,11,0,1464
1,5,9,11,1,1465
1,5,9,12,0,1466
1,5,9,12,1,1467
#
# saphirre keyhole
#
1,5,10,0,0,1468
1,5,10,0,1,1469
1,5,10,1,0,1470
1,5,10,1,1,1471
1,5,10,2,0,1472
1,5,10,2,1,1473
1,5,10,3,0,1474
1,5,10,3,1,1475
1,5,10,4,0,1476
1,5,10,4,1,1477
1,5,10,5,0,1478
1,5,10,5,1,1479
1,5,10,6,0,1480
1,5,10,6,1,1481
1,5,10,7,0,1482
1,5,10,7,1,1483
1,5,10,8,0,1484
1,5,10,8,1,1485
1,5,10,9,0,1486
1,5,10,9,1,1487
1,5,10,10,0,1488
1,5,10,10,1,1489
1,5,10,11,0,1490
1,5,10,11,1,1491
1,5,10,12,0,1492
1,5,10,12,1,1493
#
# skeleton keyhole
#
1,5,11,0,0,1494
1,5,11,0,1,1495
1,5,11,1,0,1496
1,5,11,1,1,1497
1,5,11,2,0,1498
1,5,11,2,1,1499
1,5,11,3,0,1500
1,5,11,3,1,1501
1,5,11,4,0,1502
1,5,11,4,1,1503
1,5,11,5,0,1504
1,5,11,5,1,1505
1,5,11,6,0,1506
1,5,11,6,1,1507
1,5,11,7,0,1508
1,5,11,7,1,1509
1,5,11,8,0,1510
1,5,11,8,1,1511
1,5,11,9,0,1512
1,5,11,9,1,1513
1,5,11,10,0,1514
1,5,11,10,1,1515
1,5,11,11,0,1516
1,5,11,11,1,1517
1,5,11,12,0,1518
1,5,11,12,1,1519
#
# solid keyhole
#
1,5,12,0,0,1338
1,5,12,0,1,1339
1,5,12,1,0,1340
1,5,12,1,1,1341
1,5,12,2,0,1342
1,5,12,2,1,1343
1,5,12,3,0,1344
1,5,12,3,1,1345
1,5,12,4,0,1346
1,5,12,4,1,1347
1,5,12,5,0,1348
1,5,12,5,1,1349
1,5,12,6,0,1350
1,5,12,6,1,1351
1,5,12,7,0,1352
1,5,12,7,1,1353
1,5,12,8,0,1354
1,5,12,8,1,1355
1,5,12,9,0,1356
1,5,12,9,1,1357
1,5,12,10,0,1358
1,5,12,10,1,1359
1,5,12,11,0,1360
1,5,12,11,1,1361
1,5,12,12,0,1362
1,5,12,12,1,1363
#
# square keyhole
#
1,5,13,0,0,1520
1,5,13,0,1,1521
1,5,13,1,0,1522
1,5,13,1,1,1523
1,5,13,2,0,1524
1,5,13,2,1,1525
1,5,13,3,0,1526
1,5,13,3,1,1527
1,5,13,4,0,1528
1,5,13,4,1,1529
1,5,13,5,0,1530
1,5,13,5,1,1531
1,5,13,6,0,1532
1,5,13,6,1,1533
1,5,13,7,0,1534
1,5,13,7,1,1535
1,5,13,8,0,1536
1,5,13,8,1,1537
1,5,13,9,0,1538
1,5,13,9,1,1539
1,5,13,10,0,1540
1,5,13,10,1,1541
1,5,13,11,0,1542
1,5,13,11,1,1543
1,5,13,12,0,1544
1,5,13,12,1,1545
#
# stone keyhole
#
1,5,14,0,0,1546
1,5,14,0,1,1547
1,5,14,1,0,1548
1,5,14,1,1,1549
1,5,14,2,0,1550
1,5,14,2,1,1551
1,5,14,3,0,1552
1,5,14,3,1,1553
1,5,14,4,0,1554
1,5,14,4,1,1555
1,5,14,5,0,1556
1,5,14,5,1,1557
1,5,14,6,0,1558
1,5,14,6,1,1559
1,5,14,7,0,1560
1,5,14,7,1,1561
1,5,14,8,0,1562
1,5,14,8,1,1563
1,5,14,9,0,1564
1,5,14,9,1,1565
1,5,14,10,0,1566
1,5,14,10,1,1567
1,5,14,11,0,1568
1,5,14,11,1,1569
1,5,14,12,0,1570
1,5,14,12,1,1571
#
# topaz keyhole
#
1,5,15,0,0,1572
1,5,15,0,1,1573
1,5,15,1,0,1574
1,5,15,1,1,1575
1,5,15,2,0,1576
1,5,15,2,1,1577
1,5,15,3,0,1578
1,5,15,3,1,1579
1,5,15,4,0,1580
1,5,15,4,1,1581
1,5,15,5,0,1582
1,5,15,5,1,1583
1,5,15,6,0,1584
1,5,15,6,1,1585
1,5,15,7,0,1586
1,5,15,7,1,1587
1,5,15,8,0,1588
1,5,15,8,1,1589
1,5,15,9,0,1590
1,5,15,9,1,1591
1,5,15,10,0,1592
1,5,15,10,1,1593
1,5,15,11,0,1594
1,5,15,11,1,1595
1,5,15,12,0,1596
1,5,15,12,1,1597
#
# touquoise keyhole
#
1,5,16,0,0,1572
1,5,16,0,1,1573
1,5,16,1,0,1574
1,5,16,1,1,1575
1,5,16,2,0,1576
1,5,16,2,1,1577
1,5,16,3,0,1578
1,5,16,3,1,1579
1,5,16,4,0,1580
1,5,16,4,1,1581
1,5,16,5,0,1582
1,5,16,5,1,1583
1,5,16,6,0,1584
1,5,16,6,1,1585
1,5,16,7,0,1586
1,5,16,7,1,1587
1,5,16,8,0,1588
1,5,16,8,1,1589
1,5,16,9,0,1590
1,5,16,9,1,1591
1,5,16,10,0,1592
1,5,16,10,1,1593
1,5,16,11,0,1594
1,5,16,11,1,1595
1,5,16,12,0,1596
1,5,16,12,1,1597
#
# winged keyhole
#
1,5,17,0,0,1598
1,5,17,0,1,1599
1,5,17,1,0,1600
1,5,17,1,1,1601
1,5,17,2,0,1602
1,5,17,2,1,1603
1,5,17,3,0,1604
1,5,17,3,1,1605
1,5,17,4,0,1606
1,5,17,4,1,1607
1,5,17,5,0,1608
1,5,17,5,1,1609
1,5,17,6,0,1610
1,5,17,6,1,1611
1,5,17,7,0,1612
1,5,17,7,1,1613
1,5,17,8,0,1614
1,5,17,8,1,1615
1,5,17,9,0,1616
1,5,17,9,1,1617
1,5,17,10,0,1618
1,5,17,10,1,1619
1,5,17,11,0,1620
1,5,17,11,1,1621
1,5,17,12,0,1622
1,5,17,12,1,1623
#
# copper coinhole
#
1,5,18,0,0,1182
1,5,18,0,1,1183
1,5,18,1,0,1184
1,5,18,1,1,1185
1,5,18,2,0,1186
1,5,18,2,1,1187
1,5,18,3,0,1188
1,5,18,3,1,1189
1,5,18,4,0,1190
1,5,18,4,1,1191
1,5,18,5,0,1192
1,5,18,5,1,1193
1,5,18,6,0,1194
1,5,18,6,1,1195
1,5,18,7,0,1196
1,5,18,7,1,1197
1,5,18,8,0,1198
1,5,18,8,1,1199
1,5,18,9,0,1200
1,5,18,9,1,1201
1,5,18,10,0,1202
1,5,18,10,1,1203
1,5,18,11,0,1204
1,5,18,11,1,1205
1,5,18,12,0,1206
1,5,18,12,1,1207
#
# gold coinhole
#
1,5,19,0,0,1182
1,5,19,0,1,1183
1,5,19,1,0,1184
1,5,19,1,1,1185
1,5,19,2,0,1186
1,5,19,2,1,1187
1,5,19,3,0,1188
1,5,19,3,1,1189
1,5,19,4,0,1190
1,5,19,4,1,1191
1,5,19,5,0,1192
1,5,19,5,1,1193
1,5,19,6,0,1194
1,5,19,6,1,1195
1,5,19,7,0,1196
1,5,19,7,1,1197
1,5,19,8,0,1198
1,5,19,8,1,1199
1,5,19,9,0,1200
1,5,19,9,1,1201
1,5,19,10,0,1202
1,5,19,10,1,1203
1,5,19,11,0,1204
1,5,19,11,1,1205
1,5,19,12,0,1206
1,5,19,12,1,1207
#
# gor coinhole
#
1,5,20,0,0,1182
1,5,20,0,1,1183
1,5,20,1,0,1184
1,5,20,1,1,1185
1,5,20,2,0,1186
1,5,20,2,1,1187
1,5,20,3,0,1188
1,5,20,3,1,1189
1,5,20,4,0,1190
1,5,20,4,1,1191
1,5,20,5,0,1192
1,5,20,5,1,1193
1,5,20,6,0,1194
1,5,20,6,1,1195
1,5,20,7,0,1196
1,5,20,7,1,1197
1,5,20,8,0,1198
1,5,20,8,1,1199
1,5,20,9,0,1200
1,5,20,9,1,1201
1,5,20,10,0,1202
1,5,20,10,1,1203
1,5,20,11,0,1204
1,5,20,11,1,1205
1,5,20,12,0,1206
1,5,20,12,1,1207
#
# sar coinhole
#
1,5,21,0,0,1182
1,5,21,0,1,1183
1,5,21,1,0,1184
1,5,21,1,1,1185
1,5,21,2,0,1186
1,5,21,2,1,1187
1,5,21,3,0,1188
1,5,21,3,1,1189
1,5,21,4,0,1190
1,5,21,4,1,1191
1,5,21,5,0,1192
1,5,21,5,1,1193
1,5,21,6,0,1194
1,5,21,6,1,1195
1,5,21,7,0,1196
1,5,21,7,1,1197
1,5,21,8,0,1198
1,5,21,8,1,1199
1,5,21,9,0,1200
1,5,21,9,1,1201
1,5,21,10,0,1202
1,5,21,10,1,1203
1,5,21,11,0,1204
1,5,21,11,1,1205
1,5,21,12,0,1206
1,5,21,12,1,1207
#
# silver coinhole
#
1,5,22,0,0,1182
1,5,22,0,1,1183
1,5,22,1,0,1184
1,5,22,1,1,1185
1,5,22,2,0,1186
1,5,22,2,1,1187
1,5,22,3,0,1188
1,5,22,3,1,1189
1,5,22,4,0,1190
1,5,22,4,1,1191
1,5,22,5,0,1192
1,5,22,5,1,1193
1,5,22,6,0,1194
1,5,22,6,1,1195
1,5,22,7,0,1196
1,5,22,7,1,1197
1,5,22,8,0,1198
1,5,22,8,1,1199
1,5,22,9,0,1200
1,5,22,9,1,1201
1,5,22,10,0,1202
1,5,22,10,1,1203
1,5,22,11,0,1204
1,5,22,11,1,1205
1,5,22,12,0,1206
1,5,22,12,1,1207
#
# blue gemhole
#
1,5,23,0,0,1286
1,5,23,0,1,1287
1,5,23,1,0,1288
1,5,23,1,1,1289
1,5,23,2,0,1290
1,5,23,2,1,1291
1,5,23,3,0,1292
1,5,23,3,1,1293
1,5,23,4,0,1294
1,5,23,4,1,1295
1,5,23,5,0,1296
1,5,23,5,1,1297
1,5,23,6,0,1298
1,5,23,6,1,1299
1,5,23,7,0,1300
1,5,23,7,1,1301
1,5,23,8,0,1302
1,5,23,8,1,1303
1,5,23,9,0,1304
1,5,23,9,1,1305
1,5,23,10,0,1306
1,5,23,10,1,1307
1,5,23,11,0,1308
1,5,23,11,1,1309
1,5,23,12,0,1310
1,5,23,12,1,1311
#
# green gemhole
#
1,5,24,0,0,1286
1,5,24,0,1,1287
1,5,24,1,0,1288
1,5,24,1,1,1289
1,5,24,2,0,1290
1,5,24,2,1,1291
1,5,24,3,0,1292
1,5,24,3,1,1293
1,5,24,4,0,1294
1,5,24,4,1,1295
1,5,24,5,0,1296
1,5,24,5,1,1297
1,5,24,6,0,1298
1,5,24,6,1,1299
1,5,24,7,0,1300
1,5,24,7,1,1301
1,5,24,8,0,1302
1,5,24,8,1,1303
1,5,24,9,0,1304
1,5,24,9,1,1305
1,5,24,10,0,1306
1,5,24,10,1,1307
1,5,24,11,0,1308
1,5,24,11,1,1309
1,5,24,12,0,1310
1,5,24,12,1,1311
#
# orange gemhole
#
1,5,25,0,0,1286
1,5,25,0,1,1287
1,5,25,1,0,1288
1,5,25,1,1,1289
1,5,25,2,0,1290
1,5,25,2,1,1291
1,5,25,3,0,1292
1,5,25,3,1,1293
1,5,25,4,0,1294
1,5,25,4,1,1295
1,5,25,5,0,1296
1,5,25,5,1,1297
1,5,25,6,0,1298
1,5,25,6,1,1299
1,5,25,7,0,1300
1,5,25,7,1,1301
1,5,25,8,0,1302
1,5,25,8,1,1303
1,5,25,9,0,1304
1,5,25,9,1,1305
1,5,25,10,0,1306
1,5,25,10,1,1307
1,5,25,11,0,1308
1,5,25,11,1,1309
1,5,25,12,0,1310
1,5,25,12,1,1311
#
# empty torch holder
#
1,6,0,0,0,1728
1,6,0,0,1,1729
1,6,0,1,0,1730
1,6,0,1,1,1731
1,6,0,2,0,1732
1,6,0,2,1,1733
1,6,0,3,0,1734
1,6,0,3,1,1735
1,6,0,4,0,1736
1,6,0,4,1,1737
1,6,0,5,0,1738
1,6,0,5,1,1739
1,6,0,6,0,1740
1,6,0,6,1,1741
1,6,0,7,0,1742
1,6,0,7,1,1743
1,6,0,8,0,1744
1,6,0,8,1,1745
1,6,0,9,0,1746
1,6,0,9,1,1747
1,6,0,10,0,1748
1,6,0,10,1,1749
1,6,0,11,0,1750
1,6,0,11,1,1751
1,6,0,12,0,1752
1,6,0,12,1,1753
#
# full torch holder
#
1,6,1,0,0,1754
1,6,1,0,1,1755
1,6,1,1,0,1756
1,6,1,1,1,1757
1,6,1,2,0,1758
1,6,1,2,1,1759
1,6,1,3,0,1760
1,6,1,3,1,1761
1,6,1,4,0,1762
1,6,1,4,1,1763
1,6,1,5,0,1764
1,6,1,5,1,1765
1,6,1,6,0,1766
1,6,1,6,1,1767
1,6,1,7,0,1768
1,6,1,7,1,1769
1,6,1,8,0,1770
1,6,1,8,1,1771
1,6,1,9,0,1772
1,6,1,9,1,1773
1,6,1,10,0,1774
1,6,1,10,1,1775
1,6,1,11,0,1776
1,6,1,11,1,1777
1,6,1,12,0,1778
1,6,1,12,1,1779
#
# lion fountain
#
1,6,2,0,0,1676
1,6,2,0,1,1677
1,6,2,1,0,1678
1,6,2,1,1,1679
1,6,2,2,0,1680
1,6,2,2,1,1681
1,6,2,3,0,1682
1,6,2,3,1,1683
1,6,2,4,0,1684
1,6,2,4,1,1685
1,6,2,5,0,1686
1,6,2,5,1,1687
1,6,2,6,0,1688
1,6,2,6,1,1689
1,6,2,7,0,1690
1,6,2,7,1,1691
1,6,2,8,0,1692
1,6,2,8,1,1693
1,6,2,9,0,1694
1,6,2,9,1,1695
1,6,2,10,0,1696
1,6,2,10,1,1697
1,6,2,11,0,1698
1,6,2,11,1,1699
1,6,2,12,0,1700
1,6,2,12,1,1701
#
# medusa fountain
#
1,6,3,0,0,1702
1,6,3,0,1,1703
1,6,3,1,0,1704
1,6,3,1,1,1705
1,6,3,2,0,1706
1,6,3,2,1,1707
1,6,3,3,0,1708
1,6,3,3,1,1709
1,6,3,4,0,1710
1,6,3,4,1,1711
1,6,3,5,0,1712
1,6,3,5,1,1713
1,6,3,6,0,1714
1,6,3,6,1,1715
1,6,3,7,0,1716
1,6,3,7,1,1717
1,6,3,8,0,1718
1,6,3,8,1,1719
1,6,3,9,0,1720
1,6,3,9,1,1721
1,6,3,10,0,1722
1,6,3,10,1,1723
1,6,3,11,0,1724
1,6,3,11,1,1725
1,6,3,12,0,1726
1,6,3,12,1,1727
#
# eye + mirror
#
1,6,4,0,0,1624
1,6,4,0,1,1625
1,6,4,1,0,1626
1,6,4,1,1,1627
1,6,4,2,0,1628
1,6,4,2,1,1629
1,6,4,3,0,1630
1,6,4,3,1,1631
1,6,4,4,0,1632
1,6,4,4,1,1633
1,6,4,5,0,1634
1,6,4,5,1,1635
1,6,4,6,0,1636
1,6,4,6,1,1637
1,6,4,7,0,1638
1,6,4,7,1,1639
1,6,4,8,0,1640
1,6,4,8,1,1641
1,6,4,9,0,1642
1,6,4,9,1,1643
1,6,4,10,0,1644
1,6,4,10,1,1645
1,6,4,11,0,1646
1,6,4,11,1,1647
1,6,4,12,0,1648
1,6,4,12,1,1649
#
# eye + magnifier
#
1,6,5,0,0,1624
1,6,5,0,1,1625
1,6,5,1,0,1626
1,6,5,1,1,1627
1,6,5,2,0,1628
1,6,5,2,1,1629
1,6,5,3,0,1630
1,6,5,3,1,1631
1,6,5,4,0,1632
1,6,5,4,1,1633
1,6,5,5,0,1634
1,6,5,5,1,1635
1,6,5,6,0,1636
1,6,5,6,1,1637
1,6,5,7,0,1638
1,6,5,7,1,1639
1,6,5,8,0,1640
1,6,5,8,1,1641
1,6,5,9,0,1642
1,6,5,9,1,1643
1,6,5,10,0,1644
1,6,5,10,1,1645
1,6,5,11,0,1646
1,6,5,11,1,1647
1,6,5,12,0,1648
1,6,5,12,1,1649
#
# mirror
#
1,7,0,0,0,1650
1,7,0,0,1,1651
1,7,0,1,0,1652
1,7,0,1,1,1653
1,7,0,2,0,1654
1,7,0,2,1,1655
1,7,0,3,0,1656
1,7,0,3,1,1657
1,7,0,4,0,1658
1,7,0,4,1,1659
1,7,0,5,0,1660
1,7,0,5,1,1661
1,7,0,6,0,1662
1,7,0,6,1,1663
1,7,0,7,0,1664
1,7,0,7,1,1665
1,7,0,8,0,1666
1,7,0,8,1,1667
1,7,0,9,0,1668
1,7,0,9,1,1669
1,7,0,10,0,1670
1,7,0,10,1,1671
1,7,0,11,0,1672
1,7,0,11,1,1673
1,7,0,12,0,1674
1,7,0,12,1,1675
#
# fluxcage
#
0,4,4,0,0,2904
0,4,4,0,1,2905
0,4,4,1,0,2906
0,4,4,1,1,2907
0,4,4,2,0,2908
0,4,4,2,1,2909
0,4,4,3,0,2910
0,4,4,3,1,2911
0,4,4,4,0,2912
0,4,4,4,1,2913
0,4,4,5,0,2914
0,4,4,5,1,2915
0,4,4,6,0,2916
0,4,4,6,1,2917
0,4,4,7,0,2918
0,4,4,7,1,2919
0,4,4,8,0,2920
0,4,4,8,1,2921
0,4,4,9,0,2922
0,4,4,9,1,2923
0,4,4,10,0,2924
0,4,4,10,1,2925
0,4,4,11,0,2926
0,4,4,11,1,2927
#
# fluxcage (alternate)
#
0,4,5,0,0,2928
0,4,5,0,1,2929
0,4,5,1,0,2930
0,4,5,1,1,2931
0,4,5,2,0,2932
0,4,5,2,1,2933
0,4,5,3,0,2934
0,4,5,3,1,2935
0,4,5,4,0,2936
0,4,5,4,1,2937
0,4,5,5,0,2938
0,4,5,5,1,2939
0,4,5,6,0,2940
0,4,5,6,1,2941
0,4,5,7,0,2942
0,4,5,7,1,2943
0,4,5,8,0,2944
0,4,5,8,1,2945
0,4,5,9,0,2946
0,4,5,9,1,2947
0,4,5,10,0,2948
0,4,5,10,1,2949
0,4,5,11,0,2950
0,4,5,11,1,2951
#
#
#
# fireball generator
1,8,0,0,0,4425
1,8,0,0,1,4426
1,8,0,1,0,4427
1,8,0,1,1,4428
1,8,0,2,0,4429
1,8,0,2,1,4430
1,8,0,3,0,4431
1,8,0,3,1,4432
1,8,0,4,0,4433
1,8,0,4,1,4434
1,8,0,5,0,4435
1,8,0,5,1,4436
1,8,0,6,0,4437
1,8,0,6,1,4438
1,8,0,7,0,4439
1,8,0,7,1,4440
1,8,0,8,0,4441
1,8,0,8,1,4442
1,8,0,9,0,4443
1,8,0,9,1,4444
1,8,0,10,0,4445
1,8,0,10,1,4446
1,8,0,11,0,4447
1,8,0,11,1,4448
1,8,0,12,0,4449
1,8,0,12,1,4450
#
# poison cloud generator
1,8,1,0,0,4425
1,8,1,0,1,4426
1,8,1,1,0,4427
1,8,1,1,1,4428
1,8,1,2,0,4429
1,8,1,2,1,4430
1,8,1,3,0,4431
1,8,1,3,1,4432
1,8,1,4,0,4433
1,8,1,4,1,4434
1,8,1,5,0,4435
1,8,1,5,1,4436
1,8,1,6,0,4437
1,8,1,6,1,4438
1,8,1,7,0,4439
1,8,1,7,1,4440
1,8,1,8,0,4441
1,8,1,8,1,4442
1,8,1,9,0,4443
1,8,1,9,1,4444
1,8,1,10,0,4445
1,8,1,10,1,4446
1,8,1,11,0,4447
1,8,1,11,1,4448
1,8,1,12,0,4449
1,8,1,12,1,4450
#
# poison blob generator
1,8,2,0,0,4425
1,8,2,0,1,4426
1,8,2,1,0,4427
1,8,2,1,1,4428
1,8,2,2,0,4429
1,8,2,2,1,4430
1,8,2,3,0,4431
1,8,2,3,1,4432
1,8,2,4,0,4433
1,8,2,4,1,4434
1,8,2,5,0,4435
1,8,2,5,1,4436
1,8,2,6,0,4437
1,8,2,6,1,4438
1,8,2,7,0,4439
1,8,2,7,1,4440
1,8,2,8,0,4441
1,8,2,8,1,4442
1,8,2,9,0,4443
1,8,2,9,1,4444
1,8,2,10,0,4445
1,8,2,10,1,4446
1,8,2,11,0,4447
1,8,2,11,1,4448
1,8,2,12,0,4449
1,8,2,12,1,4450
#
# dagger generator
1,8,3,0,0,4451
1,8,3,0,1,4452
1,8,3,1,0,4453
1,8,3,1,1,4454
1,8,3,2,0,4455
1,8,3,2,1,4456
1,8,3,3,0,4457
1,8,3,3,1,4458
1,8,3,4,0,4459
1,8,3,4,1,4460
1,8,3,5,0,4461
1,8,3,5,1,4462
1,8,3,6,0,4463
1,8,3,6,1,4464
1,8,3,7,0,4465
1,8,3,7,1,4466
1,8,3,8,0,4467
1,8,3,8,1,4468
1,8,3,9,0,4469
1,8,3,9,1,4470
1,8,3,10,0,4471
1,8,3,10,1,4472
1,8,3,11,0,4473
1,8,3,11,1,4474
1,8,3,12,0,4475
1,8,3,12,1,4476
#
# amalgam empty
#
1,9,0,0,0,5132
1,9,0,3,0,5133
1,9,0,6,0,5134
1,9,0,7,0,5135
1,9,0,8,0,5136
1,9,0,11,0,5137
1,9,0,12,0,5138
#
# amalgam opened
#
1,9,1,0,0,5125
1,9,1,3,0,5126
1,9,1,6,0,5127
1,9,1,7,0,5128
1,9,1,8,0,5129
1,9,1,11,0,5130
1,9,1,12,0,5131
#
# amalgam protected
#
1,9,2,0,0,5118
1,9,2,3,0,5119
1,9,2,6,0,5120
1,9,2,7,0,5121
1,9,2,8,0,5122
1,9,2,11,0,5123
1,9,2,12,0,5124
#
# exit
#
1,9,3,0,0,5111
1,9,3,3,0,5112
1,9,3,6,0,5113
1,9,3,7,0,5114
1,9,3,8,0,5115
1,9,3,11,0,5116
1,9,3,12,0,5117
#
#
#