#
# File description
#
@FILENAME=E:\JEUX\DGEM\DGEM.DAT\DATAS\THROWN.TAB
@SEPARATOR=,
#
# Structure description
#
@COLUMN1=INT      # ID
@COLUMN2=CHAR(32) # not used
@COLUMN3=INT     # B1 sprite    1
@COLUMN4=INT     # B2 sprite    2
@COLUMN5=INT     # B3 sprite    3
@COLUMN6=INT     # B4 sprite    4
@COLUMN7=INT     # B5 sprite    5
@COLUMN8=INT     # B6 sprite    6
@COLUMN9=INT     # A1 sprite    7
@COLUMN10=INT     # A2 sprite   8
@COLUMN11=INT     # A3 sprite   9
@COLUMN12=INT     # A4 sprite   10
@COLUMN13=INT     # A5 sprite   11
@COLUMN14=INT     # A6 sprite   12
@COLUMN15=INT     # F1 sprite   13
@COLUMN16=INT     # F2 sprite   14
@COLUMN17=INT     # F3 sprite   15
@COLUMN18=INT     # F4 sprite   16
@COLUMN19=INT     # F5 sprite   17
@COLUMN20=INT     # F6 sprite   18
@COLUMN21=INT     # G1 sprite   19
@COLUMN22=INT     # G2 sprite   20
@COLUMN23=INT     # G3 sprite   21
@COLUMN24=INT     # G4 sprite   22
@COLUMN25=INT     # G5 sprite   23
@COLUMN26=INT     # G6 sprite   24
@COLUMN27=INT     # L12 sprite  25
@COLUMN28=INT     # L34 sprite  26
@COLUMN29=INT     # L56 sprite  27
@COLUMN30=INT     # R12 sprite  28
@COLUMN31=INT     # R34 sprite  29
@COLUMN32=INT     # R56 sprite  30
#
# List of records
#
#ID,NAME,B1,B2,B3,B4,B5,B6,A1,A2,A3,A4,A5,A6,F1,F2,F3,F4,F5,F6,G1,G2,G3,G4,G5,G6,L12,L34,L56,R12,R34,R56
#
1,GENERIC,1,1,2,2,3,3,1,1,2,2,3,3,1,1,2,2,3,3,1,1,2,2,3,3,1,2,3,1,2,3
#
2,ARROW,4655,4657,4659,4661,4663,4665,4667,4669,4671,4673,4675,4677,4679,4681,4683,4685,4687,4689,4691,4693,4695,4697,4699,4701,5003,5005,5007,5009,5011,5013
3,AXE,4703,4705,4707,4709,4711,4713,4715,4717,4719,4721,4723,4725,4703,4705,4707,4709,4711,4713,4715,4717,4719,4721,4723,4725,5015,5017,5019,5021,5023,5025
4,CLUB STONE,4727,4729,4731,4733,4735,4737,4739,4741,4743,4745,4747,4749,4727,4729,4731,4733,4735,4737,4739,4741,4743,4745,4747,4749,5027,5029,5031,5033,5035,5037
5,CLUB WOOD,4751,4753,4755,4757,4759,4761,4763,4765,4767,4769,4771,4773,4751,4753,4755,4757,4759,4761,4763,4765,4767,4769,4771,4773,5039,5041,5043,5045,5047,5049
6,DAGGER,4775,4777,4779,4781,4783,4785,4787,4789,4791,4793,4795,4797,4799,4801,4803,4805,4807,4809,4811,4813,4815,4817,4819,4821,5051,5053,5055,5057,5059,5061
7,DART,4823,4825,4827,4829,4831,4833,4835,4837,4839,4841,4843,4845,4847,4849,4851,4853,4855,4857,4859,4861,4863,4865,4867,4869,5063,5065,5067,5069,5071,5073
8,SLAYER,4943,4945,4947,4949,4951,4953,4955,4957,4959,4961,4963,4965,4967,4969,4971,4973,4975,4977,4979,4981,4983,4985,4987,4989,4991,4993,4995,4997,4999,5001
9,STAR,4871,4873,4875,4877,4879,4881,4883,4885,4887,4889,4891,4893,4871,4873,4875,4877,4879,4881,4883,4885,4887,4889,4891,4893,5075,5077,5079,5081,5083,5085
10,SWORD,4895,4897,4899,4901,4903,4905,4907,4909,4911,4913,4915,4917,4919,4921,4923,4925,4927,4929,4931,4933,4935,4937,4939,4941,5087,5089,5091,5093,5095,5097
#
11,ZO,4495,4495,4497,4497,4499,4499,4511,4511,4513,4513,4515,4515,4495,4495,4497,4497,4499,4499,4511,4511,4513,4513,4515,4515,4495,4497,4499,4511,4513,4515
12,FIREBALL,4545,4545,4547,4547,4549,4549,4545,4545,4547,4547,4549,4549,4545,4545,4547,4547,4549,4549,4545,4545,4547,4547,4549,4549,4545,4547,4549,4545,4547,4549
13,LIGHTENING,4563,4563,4565,4565,4567,4567,4581,4581,4583,4583,4585,4585,4563,4563,4565,4565,4567,4567,4581,4581,4583,4583,4585,4585,4563,4565,4567,4581,4583,4585
14,POISON CLOUD,4637,4637,4639,4639,4641,4641,4637,4637,4639,4639,4641,4641,4637,4637,4639,4639,4641,4641,4637,4637,4639,4639,4641,4641,4637,4639,4641,4637,4639,4641
15,POISON BLOB,4619,4619,4621,4621,4623,4623,4619,4619,4621,4621,4623,4623,4619,4619,4621,4621,4623,4623,4619,4619,4621,4621,4623,4623,4619,4621,4623,4619,4621,4623
#