 1 30
 128 0 0 0 1
 128 0 0 0 1
 128 0 0 0 1
 128 0 0 0 1
 128 0 0 0 1
 128 0 0 0 1
 128 0 0 0 1
 128 0 0 0 1
 128 0 0 0 1
 128 0 0 0 1
 128 0 0 0 1
 128 0 0 0 1
 128 0 0 0 1
 128 0 0 0 1
 128 0 0 0 1
 128 0 0 0 1
 128 0 0 0 1
 128 0 0 0 1
 128 0 0 0 1
 128 0 0 0 1
 128 0 0 0 1
 128 0 0 0 1
 128 0 0 0 1
 128 0 0 0 1
 128 0 0 0 1
 128 0 0 0 1
 128 0 0 0 1
 128 0 0 0 1
 128 0 0 0 1
 128 0 0 0 1
 128 0 0 0 1
 128 0 0 0 1
 128 0 0 0 1
 128 0 0 0 1
 128 0 0 0 1
 128 0 0 0 1
 128 0 0 0 1
 128 0 0 0 1
 128 0 0 0 1
 160 0 0 0 5
 160 0 0 0 5
 160 0 0 0 5
 160 0 0 0 5
 160 0 0 0 5
 160 0 0 0 5
 160 0 0 0 5
 160 0 0 0 5
 160 0 0 0 5
 160 0 0 0 5
 160 0 0 0 5
 160 0 0 0 5
 160 0 0 0 5
 191 255 231 255 253
 128 0 0 0 1
 128 0 0 0 1
 128 0 0 0 1
 128 0 0 0 1
 128 0 0 0 1
 128 0 0 0 1
 128 0 0 0 1
 128 0 0 0 1
 191 255 231 255 253
 160 0 0 0 5
 160 0 0 0 5
 160 0 0 0 5
 160 0 0 0 5
 160 0 0 0 5
 160 0 0 0 5
 160 0 0 0 5
 160 0 0 0 5
 160 0 0 0 5
 160 0 0 0 5
 160 0 0 0 5
 160 0 0 0 5
 160 0 0 0 5
 128 0 0 0 1
 128 0 0 0 1
 128 0 0 0 1
 128 0 0 0 1
 128 0 0 0 1
 128 0 0 0 1
 128 0 0 0 1
 159 255 255 255 249
 128 0 8 0 1
 144 0 8 0 9
 144 0 8 0 9
 144 0 8 0 9
 144 0 8 0 9
 144 0 8 0 9
 144 0 8 0 9
 144 0 8 0 9
 144 0 8 0 9
 144 0 8 0 9
 144 0 62 0 9
 144 0 0 0 9
 144 0 0 0 9
 144 0 62 0 9
 144 0 8 0 9
 144 0 8 0 9
 144 0 8 0 9
 144 0 8 0 9
 144 0 8 0 9
 144 0 8 0 9
 144 0 8 0 9
 144 0 8 0 9
 144 0 8 0 9
 128 0 8 0 1
 159 255 255 255 249
 128 0 0 0 1
 128 0 0 0 1
 128 0 0 0 1
 128 0 0 0 1
 128 0 0 0 1
 128 0 0 0 1
 128 0 0 0 1
 128 0 0 0 1
 144 0 0 0 9
 136 0 0 0 17
 132 0 0 0 33
 130 0 0 0 65
 129 0 0 0 129
 128 128 0 1 1
 128 64 0 2 1
 128 32 0 4 1
 128 16 0 8 1
 128 8 0 16 1
 128 4 0 32 1
 128 2 0 64 1
 128 1 0 128 1
 128 0 129 0 1
 128 0 66 0 1
 128 0 36 0 1
 128 0 0 0 1
 128 0 0 0 1
 128 0 36 0 1
 128 0 66 0 1
 128 0 129 0 1
 128 1 0 128 1
 128 2 0 64 1
 128 4 0 32 1
 128 8 0 16 1
 128 16 0 8 1
 128 32 0 4 1
 128 64 0 2 1
 128 128 0 1 1
 129 0 0 0 129
 130 0 0 0 65
 132 0 0 0 33
 136 0 0 0 17
 144 0 0 0 9
 128 0 0 0 1
 128 0 0 0 1
 128 0 0 0 1
 128 0 0 0 1
 128 0 66 0 1
 143 254 66 127 241
 136 0 66 0 17
 136 0 66 0 17
 136 0 66 0 17
 136 0 66 0 17
 136 0 66 0 17
 136 0 66 0 17
 136 0 66 0 17
 136 0 66 0 17
 136 0 66 0 17
 136 0 66 0 17
 136 0 102 0 17
 136 0 36 0 17
 143 254 36 127 241
 128 0 36 0 1
 128 0 36 0 1
 128 0 36 0 1
 128 0 36 0 1
 143 254 36 127 241
 136 0 36 0 17
 136 0 102 0 17
 136 0 66 0 17
 136 0 66 0 17
 136 0 66 0 17
 136 0 66 0 17
 136 0 66 0 17
 136 0 66 0 17
 136 0 66 0 17
 136 0 66 0 17
 136 0 66 0 17
 136 0 66 0 17
 143 254 66 127 241
 128 0 66 0 1
 128 0 0 0 1
 128 0 0 0 1
 128 0 0 0 1
 128 0 0 0 1
 128 0 0 0 1
 128 0 0 0 1
 128 0 0 0 1
 128 0 0 0 1
 128 0 0 0 1
 128 0 0 0 1
 128 0 66 0 1
 143 128 126 1 241
 128 248 60 31 1
 128 12 60 48 1
 128 14 24 112 1
 128 127 219 254 1
 159 199 129 227 249
 128 7 129 224 1
 128 15 0 240 1
 128 126 0 126 1
 159 198 0 99 249
 128 4 0 32 1
 128 12 0 48 1
 128 8 0 16 1
 128 8 0 16 1
 128 8 0 16 1
 128 8 0 16 1
 128 8 0 16 1
 128 8 0 16 1
 128 12 0 48 1
 128 4 0 32 1
 128 6 0 96 1
 128 3 195 192 1
 128 0 126 0 1
 128 0 0 0 1
 128 0 0 0 1
 128 0 0 0 1
 128 0 0 0 1
 128 0 0 0 1
 128 0 0 0 1
 128 0 0 0 1
 128 0 0 0 1
 159 252 0 63 249
 144 4 0 32 9
 144 4 0 32 9
 144 4 0 32 9
 144 4 0 32 9
 144 4 0 32 9
 144 4 0 32 9
 144 0 0 0 9
 144 0 0 0 9
 144 0 0 0 9
 159 192 0 3 249
 128 0 0 0 1
 128 1 255 128 1
 128 0 0 0 1
 128 1 0 128 1
 128 15 0 240 1
 128 0 0 0 1
 128 0 0 0 1
 128 15 0 240 1
 128 1 0 128 1
 128 0 0 0 1
 128 1 255 128 1
 128 0 0 0 1
 159 192 0 3 249
 144 0 0 0 9
 144 0 0 0 9
 144 0 0 0 9
 144 4 0 32 9
 144 4 0 32 9
 144 4 0 32 9
 144 4 0 32 9
 144 4 0 32 9
 144 4 0 32 9
 159 252 0 63 249
 128 0 0 0 1
 128 0 0 0 1
 128 0 0 0 1
 128 0 0 0 1
 128 0 0 0 1
 128 146 73 36 129
 128 146 73 36 129
 128 146 73 36 1
 128 18 73 36 49
 142 18 73 36 1
 128 18 73 32 1
 128 2 73 33 241
 143 194 73 32 1
 128 2 73 0 1
 128 0 73 15 241
 143 248 73 0 1
 128 0 72 0 1
 128 0 8 127 241
 143 255 8 0 1
 128 0 0 0 1
 128 0 3 255 241
 143 255 192 0 1
 128 0 0 0 1
 128 0 16 255 241
 143 254 16 0 1
 128 0 18 0 1
 128 0 146 31 241
 143 240 146 0 1
 128 0 146 64 1
 128 4 146 67 241
 143 132 146 64 1
 128 4 146 72 1
 128 36 146 72 113
 140 36 146 72 1
 128 36 146 73 1
 129 36 146 73 1
 129 36 146 73 1
 128 0 0 0 1
 128 0 0 0 1
 128 0 0 0 1
 128 0 0 0 1
 128 0 0 0 1
 132 0 0 0 33
 132 0 0 0 33
 132 0 0 0 33
 132 16 0 8 33
 132 16 0 8 33
 132 16 0 8 33
 132 16 0 8 33
 132 16 0 8 33
 132 16 0 8 33
 132 16 0 8 33
 132 16 0 8 33
 132 16 0 8 33
 132 16 0 8 33
 132 16 0 8 33
 132 31 255 248 33
 128 0 0 0 1
 159 253 255 191 249
 159 253 255 191 249
 128 0 0 0 1
 132 31 255 248 33
 132 16 0 8 33
 132 16 0 8 33
 132 16 0 8 33
 132 16 0 8 33
 132 16 0 8 33
 132 16 0 8 33
 132 16 0 8 33
 132 16 0 8 33
 132 16 0 8 33
 132 16 0 8 33
 132 16 0 8 33
 132 0 0 0 33
 132 0 0 0 33
 132 0 0 0 33
 128 0 0 0 1
 128 0 0 0 1
 128 0 0 0 1
 128 0 0 0 1
 128 0 0 0 1
 128 0 0 0 1
 159 255 231 255 249
 128 0 0 0 1
 128 0 0 0 1
 128 0 0 0 1
 255 255 195 255 255
 128 0 0 0 1
 128 0 0 0 1
 128 0 0 0 1
 159 248 0 31 249
 128 8 0 16 1
 128 8 0 16 1
 129 8 0 16 129
 129 8 0 16 129
 129 8 0 16 129
 129 0 0 0 129
 129 0 0 0 129
 129 8 0 16 129
 129 8 0 16 129
 129 8 0 16 129
 128 8 0 16 1
 128 8 0 16 1
 159 248 0 31 249
 128 0 0 0 1
 128 0 0 0 1
 128 0 0 0 1
 255 255 195 255 255
 128 0 0 0 1
 128 0 0 0 1
 128 0 0 0 1
 159 255 231 255 249
 128 0 0 0 1
 128 0 0 0 1
 128 0 0 0 1
 128 0 0 0 1
 128 0 0 0 1
 128 0 0 0 1
 159 255 129 255 249
 128 0 129 0 1
 128 0 129 0 1
 128 0 129 0 1
 128 0 129 0 1
 128 0 129 0 1
 128 0 129 0 1
 128 0 129 0 1
 128 0 129 0 1
 159 255 231 255 249
 128 0 0 0 1
 128 0 0 0 1
 159 255 231 255 249
 128 0 0 0 1
 128 0 0 0 1
 159 255 231 255 249
 128 0 0 0 1
 128 0 0 0 1
 159 255 231 255 249
 128 0 0 0 1
 128 0 0 0 1
 159 255 231 255 249
 128 0 0 0 1
 128 0 0 0 1
 159 255 231 255 249
 128 0 129 0 1
 128 0 129 0 1
 128 0 129 0 1
 128 0 129 0 1
 128 0 129 0 1
 128 0 129 0 1
 128 0 129 0 1
 128 0 129 0 1
 159 255 129 255 249
 128 0 0 0 1
 128 0 0 0 1
 128 0 0 0 1
 128 0 0 0 1
 128 0 0 0 1
 128 1 255 128 1
 128 31 0 248 1
 128 112 0 14 1
 129 192 0 3 129
 131 0 0 0 193
 130 0 0 0 65
 134 0 0 0 97
 132 0 0 0 33
 132 0 36 0 33
 132 0 36 0 33
 134 0 102 0 97
 130 0 66 0 65
 131 0 66 0 193
 129 192 195 3 129
 128 127 129 254 1
 128 0 24 0 1
 128 0 24 0 1
 128 127 129 254 1
 129 192 195 3 129
 131 0 66 0 193
 130 0 66 0 65
 134 0 102 0 97
 132 0 36 0 33
 132 0 36 0 33
 132 0 0 0 33
 134 0 0 0 97
 130 0 0 0 65
 131 0 0 0 193
 129 192 0 3 129
 128 112 0 14 1
 128 31 0 248 1
 128 1 255 128 1
 128 0 0 0 1
 128 0 0 0 1
 128 0 0 0 1
 128 0 0 0 1
 128 0 0 0 1
 144 0 0 0 9
 136 0 0 0 17
 132 0 0 0 33
 130 0 0 0 65
 129 0 0 0 129
 128 128 0 1 1
 128 64 0 2 1
 128 63 195 252 1
 128 32 0 4 1
 128 32 0 4 1
 128 32 0 4 1
 128 32 0 4 1
 128 33 126 132 1
 128 33 0 132 1
 128 33 0 132 1
 128 1 0 128 1
 128 1 0 128 1
 128 1 0 128 1
 128 1 0 128 1
 128 33 0 132 1
 128 33 0 132 1
 128 33 126 132 1
 128 32 0 4 1
 128 32 0 4 1
 128 32 0 4 1
 128 32 0 4 1
 128 63 195 252 1
 128 64 0 2 1
 128 128 0 1 1
 129 0 0 0 129
 130 0 0 0 65
 132 0 0 0 33
 136 0 0 0 17
 144 0 0 0 9
 128 0 0 0 1
 128 0 0 0 1
 128 0 0 0 1
 128 0 0 0 1
 128 0 0 0 1
 128 128 32 0 1
 128 192 48 0 1
 128 96 24 0 1
 128 48 12 0 1
 140 24 6 0 1
 134 12 3 0 1
 131 6 1 128 1
 129 131 0 192 1
 128 193 128 96 1
 128 96 192 48 1
 128 48 96 24 1
 128 24 48 12 1
 128 12 24 6 1
 128 6 12 3 1
 140 3 6 1 129
 134 1 131 0 193
 131 0 193 128 97
 129 128 96 192 49
 128 192 48 96 1
 128 96 24 48 1
 128 48 12 24 1
 128 24 6 12 1
 128 12 3 6 1
 128 6 1 131 1
 128 3 0 193 129
 128 1 128 96 193
 128 0 192 48 97
 128 0 96 24 49
 128 0 48 12 1
 128 0 24 6 1
 128 0 12 3 1
 128 0 4 1 1
 128 0 0 0 1
 128 0 0 0 1
 128 0 0 0 1
 128 0 0 0 1
 128 0 0 0 1
 158 62 64 113 9
 159 32 64 249 9
 159 32 64 248 145
 158 62 64 248 97
 158 32 64 248 97
 147 32 64 136 145
 145 32 64 137 9
 145 62 124 137 9
 128 0 0 0 1
 128 0 0 0 1
 128 0 0 0 1
 128 0 0 0 1
 128 0 0 0 1
 128 0 0 0 1
 128 0 0 0 1
 128 0 0 0 1
 128 0 0 0 1
 128 0 0 0 1
 128 0 0 0 1
 128 0 0 0 1
 159 255 255 255 249
 128 0 0 0 1
 128 0 0 0 1
 128 0 0 0 1
 128 0 0 0 1
 128 0 0 0 1
 128 0 0 0 1
 128 0 0 0 1
 128 0 0 0 1
 128 0 0 0 1
 128 0 0 0 1
 128 0 0 0 1
 128 0 0 0 1
 128 0 0 0 1
 128 0 0 0 1
 128 0 0 0 1
 128 0 0 0 1
 128 0 0 0 1
 144 32 0 4 9
 128 64 129 2 1
 128 129 0 129 1
 129 2 0 64 129
 130 4 0 32 65
 132 8 0 16 33
 136 16 0 8 17
 144 32 0 4 9
 128 64 0 2 1
 128 128 0 1 1
 129 1 0 128 129
 130 2 0 64 65
 132 4 0 32 33
 136 0 0 0 17
 128 0 0 0 1
 128 0 0 0 1
 128 0 0 0 1
 128 0 0 0 1
 128 0 0 0 1
 128 0 0 0 1
 136 0 0 0 17
 132 4 0 32 33
 130 2 0 64 65
 129 1 0 128 129
 128 128 0 1 1
 128 64 0 2 1
 144 32 0 4 9
 136 16 0 8 17
 132 8 0 16 33
 130 4 0 32 65
 129 2 0 64 129
 128 129 0 129 1
 128 64 129 2 1
 144 32 0 4 9
 128 0 0 0 1
 128 0 0 0 1
 128 0 0 0 1
 160 160 129 5 5
 160 160 129 5 5
 160 160 129 5 5
 160 160 129 5 5
 160 160 129 5 5
 160 160 129 5 5
 160 160 129 5 5
 160 160 129 5 5
 160 160 129 5 5
 160 161 129 133 5
 160 161 0 133 5
 160 161 0 133 5
 160 161 0 133 5
 160 161 0 133 5
 160 161 0 133 5
 160 161 0 133 5
 160 161 0 133 5
 128 0 0 0 1
 128 0 0 0 1
 160 161 0 133 5
 160 161 0 133 5
 160 161 0 133 5
 160 161 0 133 5
 160 161 0 133 5
 160 161 0 133 5
 160 161 0 133 5
 160 161 129 133 5
 160 160 129 5 5
 160 160 129 5 5
 160 160 129 5 5
 160 160 129 5 5
 160 160 129 5 5
 160 160 129 5 5
 160 160 129 5 5
 160 160 129 5 5
 160 160 129 5 5
 128 0 0 0 1
 128 0 0 0 1
 128 0 0 0 1
 128 0 245 0 1
 128 1 245 128 1
 128 3 245 192 1
 128 7 245 224 1
 128 14 5 240 1
 128 30 253 248 1
 128 62 252 28 1
 128 126 253 222 1
 128 192 0 31 1
 129 220 249 223 129
 131 220 249 223 193
 135 220 249 223 225
 143 223 193 223 241
 159 223 193 223 249
 191 223 255 223 253
 128 0 0 0 1
 128 0 0 0 1
 128 0 0 0 1
 128 227 147 128 1
 128 247 212 0 1
 128 247 196 0 1
 128 231 195 0 1
 128 231 192 128 1
 128 148 64 128 1
 128 148 71 0 1
 128 0 0 0 1
 128 0 0 0 1
 131 162 227 188 1
 132 34 244 32 1
 132 34 244 32 1
 132 34 227 60 1
 132 34 224 160 1
 132 34 144 160 1
 131 156 151 60 1
 128 0 0 0 1
 128 0 0 0 1
 128 0 0 0 1
 128 0 0 0 1
 128 0 0 0 1
 128 0 0 0 1
 128 0 0 0 1
 128 0 0 0 1
 128 0 0 0 1
 128 0 0 0 1
 128 0 0 0 1
 128 0 0 0 1
 128 0 0 0 1
 131 255 255 255 255
 128 0 0 0 1
 128 0 0 0 1
 128 0 0 0 1
 128 0 0 0 1
 128 0 0 0 1
 128 0 0 0 1
 128 0 0 0 1
 128 0 0 0 1
 128 0 0 0 1
 128 0 0 0 1
 128 0 0 0 1
 128 0 0 0 1
 128 0 0 0 1
 128 0 0 0 1
 255 255 255 255 193
 128 0 0 0 1
 128 0 0 0 1
 128 0 0 0 1
 128 0 0 0 1
 128 0 0 0 1
 128 0 0 0 1
 128 0 0 0 1
 128 0 0 0 1
 128 0 0 0 1
 128 0 0 0 1
 128 0 0 0 1
 128 0 0 0 1
 128 0 0 0 1
 128 0 16 0 1
 144 14 32 14 65
 144 4 0 0 1
 144 4 14 0 1
 144 0 0 62 65
 144 17 56 60 33
 144 19 0 32 1
 128 240 0 32 17
 128 248 56 0 1
 192 224 224 0 113
 128 224 224 7 241
 143 224 128 0 1
 143 224 7 7 241
 128 0 0 0 1
 128 46 0 7 81
 128 34 3 184 1
 130 98 0 0 1
 130 66 8 240 113
 130 64 8 112 193
 128 64 56 124 193
 128 0 60 5 7
 134 0 60 5 7
 130 24 0 64 1
 128 24 1 192 1
 224 31 193 192 161
 130 31 8 128 161
 130 2 8 128 1
 128 2 24 132 161
 128 0 24 4 173
 154 0 25 156 173
 130 2 1 156 1
 155 226 0 16 1
 128 2 0 16 1
 128 2 0 0 1
 128 0 0 0 1
 128 0 0 0 1
 128 0 0 0 1
 128 0 0 0 1
 128 0 0 124 1
 128 15 131 228 1
 128 16 0 0 1
 129 224 0 0 129
 131 192 0 1 193
 131 128 0 0 129
 131 0 0 0 1
 130 0 112 0 25
 132 8 32 224 9
 136 28 32 224 9
 136 8 96 24 25
 136 0 97 216 25
 136 0 240 88 17
 136 1 240 64 17
 128 39 128 0 17
 128 63 128 0 1
 128 33 128 0 1
 128 0 1 132 1
 128 0 1 252 1
 136 0 1 228 1
 136 2 15 128 17
 136 26 15 0 17
 152 27 134 0 17
 152 24 6 16 17
 144 7 4 56 17
 144 7 4 16 33
 152 0 14 0 65
 128 0 0 0 193
 129 0 0 1 193
 131 128 0 3 193
 129 0 0 7 129
 128 0 0 8 1
 128 39 193 240 1
 128 62 0 0 1
 128 0 0 0 1
 128 0 0 0 1
 128 0 0 0 1
 128 0 0 0 1
 128 0 0 0 1
 128 0 0 0 1
 128 160 0 0 1
 128 160 3 128 1
 128 160 6 128 1
 128 188 12 128 1
 129 128 24 128 1
 131 160 48 128 1
 130 32 96 128 1
 130 160 192 128 1
 130 160 128 128 1
 130 0 0 128 1
 131 240 0 128 1
 128 8 0 128 1
 128 168 0 128 1
 128 172 0 128 1
 128 164 0 128 1
 128 164 0 128 1
 128 172 0 128 1
 128 168 0 128 1
 128 8 0 128 1
 131 176 0 128 1
 128 160 0 128 1
 128 160 0 128 1
 128 160 0 128 1
 128 160 63 252 1
 128 0 0 0 1
 128 0 0 0 1
 128 0 0 0 1
 128 0 0 0 1
 128 0 0 0 1
 143 254 0 127 225
 128 3 255 128 1
 128 0 0 0 1
 128 0 0 0 1
 128 0 0 0 1
 128 0 0 0 1
 191 255 195 255 253
 191 255 195 255 253
 191 255 195 255 253
 191 255 195 255 253
 191 255 195 255 253
 191 255 195 255 253
 191 255 195 255 253
 191 255 195 255 253
 191 255 195 255 253
 191 255 195 255 253
 191 255 195 255 253
 191 255 195 255 253
 191 255 195 255 253
 191 255 195 255 253
 191 255 195 255 253
 191 255 195 255 253
 191 255 195 255 253
 191 255 195 255 253
 191 255 195 255 253
 191 255 195 255 253
 191 255 195 255 253
 191 255 195 255 253
 191 255 195 255 253
 191 255 195 255 253
 191 255 195 255 253
 191 255 195 255 253
 191 255 195 255 253
 191 255 195 255 253
 191 255 195 255 253
 191 255 195 255 253
 191 255 195 255 253
 191 255 195 255 253
 191 255 195 255 253
 191 255 195 255 253
 191 255 195 255 253
 191 255 195 255 253
 128 0 0 0 1
 128 0 0 0 1
 191 255 227 255 253
 191 255 227 255 253
 191 255 227 255 253
 191 255 227 255 253
 191 255 227 255 253
 191 255 227 255 253
 191 255 227 255 253
 191 255 227 255 253
 191 255 227 255 253
 191 255 227 255 253
 191 255 227 255 253
 191 255 227 255 253
 191 255 227 255 253
 191 255 227 255 253
 191 255 227 255 253
 191 255 227 255 253
 191 255 227 255 253
 191 255 227 255 253
 191 255 227 255 253
 191 255 227 255 253
 191 255 227 255 253
 191 255 227 255 253
 191 255 227 255 253
 191 255 227 255 253
 191 255 227 255 253
 191 255 227 255 253
 191 255 227 255 253
 191 255 227 255 253
 191 255 227 255 253
 191 255 227 255 253
 191 255 227 255 253
 191 255 227 255 253
 191 255 227 255 253
 191 255 227 255 253
 191 255 227 255 253
 191 255 227 255 253
 128 0 0 0 1
 128 0 0 0 1
 191 255 231 255 253
 191 255 231 255 253
 191 255 231 255 253
 191 255 231 255 253
 191 255 231 255 253
 191 255 231 255 253
 191 255 231 255 253
 191 255 231 255 253
 191 255 231 255 253
 191 255 231 255 253
 191 255 231 255 253
 191 255 231 255 253
 191 255 231 255 253
 191 255 231 255 253
 191 255 231 255 253
 191 255 231 255 253
 191 255 231 255 253
 191 255 231 255 253
 191 255 231 255 253
 191 255 231 255 253
 191 255 231 255 253
 191 255 231 255 253
 191 255 231 255 253
 191 255 231 255 253
 191 255 231 255 253
 191 255 231 255 253
 191 255 231 255 253
 191 255 231 255 253
 191 255 231 255 253
 191 255 231 255 253
 191 255 231 255 253
 191 255 231 255 253
 191 255 231 255 253
 191 255 231 255 253
 191 255 231 255 253
 191 255 231 255 253
 128 0 0 0 1
 128 0 7 255 255
 191 255 247 255 255
 160 0 0 0 7
 160 0 0 0 7
 167 255 227 255 231
 167 255 227 255 231
 167 255 227 255 231
 167 255 227 255 231
 167 255 227 255 231
 167 255 227 255 231
 167 255 227 255 231
 167 255 227 255 231
 167 255 227 255 231
 167 255 227 255 231
 167 255 227 255 231
 167 255 227 255 231
 167 255 227 255 231
 160 0 0 0 7
 128 0 0 0 7
 224 0 0 0 1
 231 255 227 255 229
 231 255 227 255 229
 231 255 227 255 229
 231 255 227 255 229
 231 255 227 255 229
 231 255 227 255 229
 231 255 227 255 229
 231 255 227 255 229
 231 255 227 255 229
 231 255 227 255 229
 231 255 227 255 229
 231 255 227 255 229
 231 255 227 255 229
 231 255 227 255 229
 224 0 0 0 5
 224 0 0 0 5
 255 255 247 255 253
 255 255 240 0 1
 128 0 0 0 1
 131 255 247 255 253
 131 255 247 255 253
 131 255 247 255 253
 128 0 0 0 29
 187 255 255 255 221
 187 255 255 255 221
 187 255 255 255 221
 187 255 255 255 221
 187 255 255 255 221
 187 255 255 255 221
 187 255 255 255 221
 187 255 255 255 221
 187 255 255 255 221
 187 255 255 255 221
 187 255 255 255 221
 187 255 255 255 221
 187 255 255 255 221
 187 255 255 255 221
 187 255 255 255 221
 187 255 255 255 221
 187 255 255 255 221
 187 255 255 255 221
 187 255 255 255 221
 187 255 255 255 221
 187 255 255 255 221
 187 255 255 255 221
 187 255 255 255 221
 187 255 255 255 221
 187 255 255 255 221
 187 255 255 255 221
 187 255 255 255 221
 187 255 255 255 221
 184 0 0 0 1
 191 255 247 255 193
 191 255 247 255 193
 191 255 247 255 193
 128 0 0 0 1
 255 255 129 255 255
 192 0 52 0 3
 193 255 247 255 251
 193 255 247 255 251
 193 255 247 255 251
 192 0 52 0 59
 221 255 129 255 187
 221 255 255 255 187
 221 255 255 255 187
 221 255 255 255 187
 221 255 255 255 187
 221 255 255 255 187
 221 255 255 255 187
 221 255 255 255 187
 221 255 255 255 187
 221 255 255 255 187
 221 255 255 255 187
 156 255 255 255 57
 190 255 255 255 125
 190 255 255 255 125
 190 255 255 255 125
 190 255 255 255 125
 156 255 255 255 57
 221 255 255 255 187
 221 255 255 255 187
 221 255 255 255 187
 221 255 255 255 187
 221 255 255 255 187
 221 255 255 255 187
 221 255 255 255 187
 221 255 255 255 187
 221 255 129 255 187
 220 0 52 0 3
 223 255 247 255 131
 223 255 247 255 131
 223 255 247 255 131
 192 0 52 0 3
 255 255 129 255 255
 192 0 1 255 255
 223 255 252 0 7
 223 255 253 255 247
 223 255 253 0 55
 223 255 253 127 183
 223 255 253 127 183
 223 255 253 127 183
 223 255 253 3 183
 223 255 253 251 183
 223 255 253 251 183
 223 255 253 251 183
 223 255 252 3 183
 223 255 255 239 183
 223 255 255 239 183
 223 255 255 239 183
 223 255 255 239 183
 223 255 255 239 183
 223 255 255 239 183
 223 255 255 15 183
 192 0 0 127 183
 255 255 255 255 183
 255 255 255 255 183
 255 255 255 255 183
 255 255 255 255 183
 248 0 0 3 183
 251 255 255 251 183
 251 255 255 251 183
 251 255 252 123 183
 251 255 253 123 183
 251 255 253 123 183
 251 255 253 123 183
 248 0 5 3 183
 255 255 245 255 183
 255 255 245 255 183
 255 255 245 255 183
 255 255 244 0 55
 255 255 247 255 247
 255 255 240 0 7
 128 0 0 0 1
 128 0 0 0 1
 128 0 0 0 1
 132 147 228 4 1
 132 146 4 4 1
 132 146 4 4 1
 132 146 4 4 1
 132 147 228 4 1
 132 146 4 4 1
 132 146 4 4 1
 132 146 4 4 1
 131 227 231 231 225
 128 0 0 0 1
 128 0 0 0 1
 128 0 0 0 1
 128 0 0 0 1
 128 0 0 0 1
 128 0 0 0 1
 128 0 0 0 1
 133 131 68 19 225
 132 68 38 18 1
 132 36 38 18 1
 132 36 39 146 1
 132 36 36 147 225
 132 36 36 242 1
 132 36 36 50 1
 132 68 36 50 1
 133 131 68 19 225
 128 0 0 0 1
 128 0 0 0 1
 128 0 0 0 1
 128 0 0 0 1
 128 0 0 0 1
 128 0 0 0 1
 128 0 0 0 1
 128 0 0 0 1
 128 0 0 0 1
 128 0 0 0 1
