cntcol LDV running on image 3984x1538, 32 bitplanes:
-------|--------------------
| Line | # unique colors |
|     0|             2404|
|     1|             2354|
|     2|             2379|
|     3|             2332|
|     4|             2323|
|     5|             2283|
|     6|             2228|
|     7|             2230|
|     8|             2183|
|     9|             2241|
|    10|             2224|
|    11|             2172|
|    12|             2080|
|    13|             2100|
|    14|             2136|
|    15|             2130|
|    16|             2097|
|    17|             2092|
|    18|             2124|
|    19|             2126|
|    20|             2195|
|    21|             2166|
|    22|             2177|
|    23|             2154|
|    24|             2146|
|    25|             2172|
|    26|             2164|
|    27|             2148|
|    28|             2201|
|    29|             2136|
|    30|             2231|
|    31|             2263|
|    32|             2252|
|    33|             2152|
|    34|             2150|
|    35|             2094|
|    36|             2107|
|    37|             2099|
|    38|             2147|
|    39|             2135|
|    40|             2176|
|    41|             2170|
|    42|             2193|
|    43|             2134|
|    44|             2023|
|    45|             2099|
|    46|             2064|
|    47|             2107|
|    48|             2064|
|    49|             2070|
|    50|             2072|
|    51|             2176|
|    52|             2173|
|    53|             2163|
|    54|             2098|
|    55|             2084|
|    56|             2046|
|    57|             1994|
|    58|             2067|
|    59|             2054|
|    60|             2035|
|    61|             2122|
|    62|             2275|
|    63|             2248|
|    64|             2125|
|    65|             2098|
|    66|             2109|
|    67|             2033|
|    68|             2061|
|    69|             2082|
|    70|             2086|
|    71|             2089|
|    72|             2083|
|    73|             2138|
|    74|             2129|
|    75|             2054|
|    76|             1993|
|    77|             1985|
|    78|             1989|
|    79|             1951|
|    80|             1969|
|    81|             2013|
|    82|             2058|
|    83|             2123|
|    84|             2167|
|    85|             2097|
|    86|             2030|
|    87|             2022|
|    88|             2006|
|    89|             2024|
|    90|             2029|
|    91|             2044|
|    92|             2059|
|    93|             2082|
|    94|             2260|
|    95|             2220|
|    96|             2102|
|    97|             2043|
|    98|             2074|
|    99|             2037|
|   100|             2046|
|   101|             2035|
|   102|             2013|
|   103|             2002|
|   104|             2077|
|   105|             2093|
|   106|             2139|
|   107|             1937|
|   108|             1952|
|   109|             1940|
|   110|             1896|
|   111|             1872|
|   112|             1888|
|   113|             1929|
|   114|             2036|
|   115|             2035|
|   116|             2046|
|   117|             2046|
|   118|             1950|
|   119|             1971|
|   120|             1985|
|   121|             2036|
|   122|             2050|
|   123|             2100|
|   124|             2107|
|   125|             2267|
|   126|             2253|
|   127|             2243|
|   128|             2124|
|   129|             2097|
|   130|             2056|
|   131|             2074|
|   132|             2052|
|   133|             2014|
|   134|             2038|
|   135|             2017|
|   136|             2093|
|   137|             2192|
|   138|             2195|
|   139|             2037|
|   140|             2011|
|   141|             2034|
|   142|             2034|
|   143|             1952|
|   144|             1984|
|   145|             1948|
|   146|             2017|
|   147|             2043|
|   148|             1973|
|   149|             1925|
|   150|             1925|
|   151|             1941|
|   152|             1876|
|   153|             1915|
|   154|             1972|
|   155|             1965|
|   156|             1995|
|   157|             2201|
|   158|             2072|
|   159|             1928|
|   160|             1933|
|   161|             1947|
|   162|             1879|
|   163|             1852|
|   164|             1902|
|   165|             1868|
|   166|             1879|
|   167|             1981|
|   168|             2022|
|   169|             2060|
|   170|             1919|
|   171|             1829|
|   172|             1885|
|   173|             1840|
|   174|             1835|
|   175|             1824|
|   176|             1823|
|   177|             1896|
|   178|             1920|
|   179|             1933|
|   180|             1889|
|   181|             1834|
|   182|             1805|
|   183|             1843|
|   184|             1878|
|   185|             1856|
|   186|             1890|
|   187|             1897|
|   188|             1938|
|   189|             2070|
|   190|             2032|
|   191|             1954|
|   192|             1869|
|   193|             1864|
|   194|             1952|
|   195|             1919|
|   196|             1892|
|   197|             1908|
|   198|             1884|
|   199|             1898|
|   200|             1999|
|   201|             2037|
|   202|             1827|
|   203|             1888|
|   204|             1857|
|   205|             1863|
|   206|             1852|
|   207|             1823|
|   208|             1803|
|   209|             1783|
|   210|             1806|
|   211|             1774|
|   212|             1748|
|   213|             1759|
|   214|             1743|
|   215|             1709|
|   216|             1742|
|   217|             1739|
|   218|             1760|
|   219|             1756|
|   220|             1905|
|   221|             1903|
|   222|             1869|
|   223|             1825|
|   224|             1810|
|   225|             1769|
|   226|             1770|
|   227|             1811|
|   228|             1846|
|   229|             1777|
|   230|             1862|
|   231|             1925|
|   232|             1925|
|   233|             1893|
|   234|             1771|
|   235|             1709|
|   236|             1752|
|   237|             1721|
|   238|             1716|
|   239|             1672|
|   240|             1681|
|   241|             1739|
|   242|             1747|
|   243|             1737|
|   244|             1612|
|   245|             1636|
|   246|             1643|
|   247|             1643|
|   248|             1624|
|   249|             1681|
|   250|             1681|
|   251|             1720|
|   252|             1874|
|   253|             1906|
|   254|             1784|
|   255|             1756|
|   256|             1791|
|   257|             1777|
|   258|             1703|
|   259|             1748|
|   260|             1757|
|   261|             1761|
|   262|             1777|
|   263|             1901|
|   264|             1888|
|   265|             1743|
|   266|             1747|
|   267|             1745|
|   268|             1712|
|   269|             1739|
|   270|             1742|
|   271|             1682|
|   272|             1703|
|   273|             1753|
|   274|             1741|
|   275|             1720|
|   276|             1653|
|   277|             1657|
|   278|             1692|
|   279|             1713|
|   280|             1718|
|   281|             1696|
|   282|             1732|
|   283|             1817|
|   284|             1833|
|   285|             1855|
|   286|             1820|
|   287|             1797|
|   288|             1788|
|   289|             1807|
|   290|             1760|
|   291|             1746|
|   292|             1784|
|   293|             1763|
|   294|             1836|
|   295|             1850|
|   296|             1860|
|   297|             1742|
|   298|             1733|
|   299|             1710|
|   300|             1718|
|   301|             1657|
|   302|             1653|
|   303|             1653|
|   304|             1698|
|   305|             1742|
|   306|             1762|
|   307|             1724|
|   308|             1655|
|   309|             1676|
|   310|             1637|
|   311|             1637|
|   312|             1688|
|   313|             1672|
|   314|             1672|
|   315|             1836|
|   316|             1831|
|   317|             1798|
|   318|             1764|
|   319|             1778|
|   320|             1732|
|   321|             1768|
|   322|             1739|
|   323|             1753|
|   324|             1726|
|   325|             1806|
|   326|             1873|
|   327|             1919|
|   328|             1833|
|   329|             1781|
|   330|             1768|
|   331|             1752|
|   332|             1802|
|   333|             1765|
|   334|             1744|
|   335|             1731|
|   336|             1815|
|   337|             1788|
|   338|             1828|
|   339|             1760|
|   340|             1716|
|   341|             1730|
|   342|             1721|
|   343|             1685|
|   344|             1715|
|   345|             1722|
|   346|             1775|
|   347|             1860|
|   348|             1805|
|   349|             1821|
|   350|             1676|
|   351|             1732|
|   352|             1716|
|   353|             1705|
|   354|             1737|
|   355|             1726|
|   356|             1731|
|   357|             1763|
|   358|             1926|
|   359|             1927|
|   360|             1706|
|   361|             1743|
|   362|             1751|
|   363|             1756|
|   364|             1699|
|   365|             1760|
|   366|             1785|
|   367|             1753|
|   368|             1837|
|   369|             1812|
|   370|             1737|
|   371|             1650|
|   372|             1686|
|   373|             1630|
|   374|             1664|
|   375|             1626|
|   376|             1656|
|   377|             1655|
|   378|             1739|
|   379|             1724|
|   380|             1695|
|   381|             1603|
|   382|             1610|
|   383|             1543|
|   384|             1657|
|   385|             1662|
|   386|             1639|
|   387|             1652|
|   388|             1664|
|   389|             1783|
|   390|             1753|
|   391|             1754|
|   392|             1655|
|   393|             1663|
|   394|             1695|
|   395|             1658|
|   396|             1657|
|   397|             1642|
|   398|             1646|
|   399|             1685|
|   400|             1722|
|   401|             1775|
|   402|             1692|
|   403|             1597|
|   404|             1600|
|   405|             1593|
|   406|             1593|
|   407|             1624|
|   408|             1644|
|   409|             1659|
|   410|             1784|
|   411|             1737|
|   412|             1729|
|   413|             1665|
|   414|             1704|
|   415|             1681|
|   416|             1614|
|   417|             1654|
|   418|             1666|
|   419|             1657|
|   420|             1701|
|   421|             1852|
|   422|             1769|
|   423|             1643|
|   424|             1590|
|   425|             1677|
|   426|             1613|
|   427|             1622|
|   428|             1587|
|   429|             1622|
|   430|             1633|
|   431|             1700|
|   432|             1662|
|   433|             1628|
|   434|             1559|
|   435|             1553|
|   436|             1514|
|   437|             1525|
|   438|             1515|
|   439|             1528|
|   440|             1555|
|   441|             1675|
|   442|             1732|
|   443|             1692|
|   444|             1643|
|   445|             1586|
|   446|             1628|
|   447|             1687|
|   448|             1648|
|   449|             1613|
|   450|             1703|
|   451|             1678|
|   452|             1720|
|   453|             1812|
|   454|             1791|
|   455|             1691|
|   456|             1647|
|   457|             1651|
|   458|             1675|
|   459|             1620|
|   460|             1693|
|   461|             1673|
|   462|             1673|
|   463|             1743|
|   464|             1721|
|   465|             1729|
|   466|             1583|
|   467|             1596|
|   468|             1563|
|   469|             1536|
|   470|             1540|
|   471|             1585|
|   472|             1571|
|   473|             1683|
|   474|             1705|
|   475|             1723|
|   476|             1673|
|   477|             1645|
|   478|             1662|
|   479|             1638|
|   480|             1647|
|   481|             1712|
|   482|             1635|
|   483|             1675|
|   484|             1776|
|   485|             1755|
|   486|             1737|
|   487|             1647|
|   488|             1628|
|   489|             1614|
|   490|             1653|
|   491|             1652|
|   492|             1629|
|   493|             1639|
|   494|             1684|
|   495|             1696|
|   496|             1771|
|   497|             1685|
|   498|             1632|
|   499|             1659|
|   500|             1691|
|   501|             1650|
|   502|             1621|
|   503|             1591|
|   504|             1586|
|   505|             1581|
|   506|             1592|
|   507|             1591|
|   508|             1503|
|   509|             1561|
|   510|             1550|
|   511|             1554|
|   512|             1548|
|   513|             1625|
|   514|             1575|
|   515|             1578|
|   516|             1784|
|   517|             1745|
|   518|             1621|
|   519|             1572|
|   520|             1638|
|   521|             1626|
|   522|             1605|
|   523|             1600|
|   524|             1592|
|   525|             1539|
|   526|             1697|
|   527|             1690|
|   528|             1679|
|   529|             1635|
|   530|             1578|
|   531|             1606|
|   532|             1567|
|   533|             1577|
|   534|             1620|
|   535|             1608|
|   536|             1653|
|   537|             1688|
|   538|             1678|
|   539|             1741|
|   540|             1647|
|   541|             1665|
|   542|             1724|
|   543|             1649|
|   544|             1627|
|   545|             1668|
|   546|             1628|
|   547|             1686|
|   548|             1702|
|   549|             1737|
|   550|             1675|
|   551|             1607|
|   552|             1698|
|   553|             1694|
|   554|             1642|
|   555|             1664|
|   556|             1633|
|   557|             1603|
|   558|             1583|
|   559|             1651|
|   560|             1654|
|   561|             1511|
|   562|             1626|
|   563|             1652|
|   564|             1590|
|   565|             1617|
|   566|             1599|
|   567|             1571|
|   568|             1620|
|   569|             1633|
|   570|             1572|
|   571|             1494|
|   572|             1517|
|   573|             1546|
|   574|             1502|
|   575|             1528|
|   576|             1512|
|   577|             1489|
|   578|             1509|
|   579|             1597|
|   580|             1572|
|   581|             1570|
|   582|             1567|
|   583|             1655|
|   584|             1567|
|   585|             1661|
|   586|             1648|
|   587|             1609|
|   588|             1560|
|   589|             1624|
|   590|             1621|
|   591|             1597|
|   592|             1627|
|   593|             1559|
|   594|             1567|
|   595|             1655|
|   596|             1617|
|   597|             1609|
|   598|             1554|
|   599|             1532|
|   600|             1601|
|   601|             1540|
|   602|             1568|
|   603|             1479|
|   604|             1501|
|   605|             1617|
|   606|             1515|
|   607|             1438|
|   608|             1470|
|   609|             1428|
|   610|             1471|
|   611|             1578|
|   612|             1673|
|   613|             1612|
|   614|             1539|
|   615|             1657|
|   616|             1729|
|   617|             1656|
|   618|             1739|
|   619|             1662|
|   620|             1600|
|   621|             1726|
|   622|             1717|
|   623|             1802|
|   624|             1616|
|   625|             1726|
|   626|             1763|
|   627|             1667|
|   628|             1746|
|   629|             1710|
|   630|             1639|
|   631|             1713|
|   632|             1754|
|   633|             1743|
|   634|             1726|
|   635|             1684|
|   636|             1803|
|   637|             1825|
|   638|             1928|
|   639|             1959|
|   640|             1816|
|   641|             1798|
|   642|             1888|
|   643|             1906|
|   644|             1993|
|   645|             1927|
|   646|             1911|
|   647|             1928|
|   648|             2017|
|   649|             2026|
|   650|             1881|
|   651|             1920|
|   652|             1851|
|   653|             1876|
|   654|             1857|
|   655|             1808|
|   656|             1730|
|   657|             1796|
|   658|             1876|
|   659|             1849|
|   660|             1788|
|   661|             1851|
|   662|             1731|
|   663|             1713|
|   664|             1796|
|   665|             1834|
|   666|             1804|
|   667|             1865|
|   668|             1868|
|   669|             1927|
|   670|             1887|
|   671|             1944|
|   672|             1924|
|   673|             1853|
|   674|             2185|
|   675|             2159|
|   676|             2165|
|   677|             2135|
|   678|             2237|
|   679|             2211|
|   680|             2251|
|   681|             2310|
|   682|             2297|
|   683|             2196|
|   684|             2392|
|   685|             2491|
|   686|             2502|
|   687|             2457|
|   688|             2529|
|   689|             2539|
|   690|             2602|
|   691|             2668|
|   692|             2663|
|   693|             2601|
|   694|             2560|
|   695|             2599|
|   696|             2628|
|   697|             2640|
|   698|             2564|
|   699|             2590|
|   700|             2602|
|   701|             2561|
|   702|             2598|
|   703|             2593|
|   704|             2589|
|   705|             2654|
|   706|             2665|
|   707|             2763|
|   708|             2758|
|   709|             2719|
|   710|             2764|
|   711|             2791|
|   712|             2741|
|   713|             2749|
|   714|             2688|
|   715|             2642|
|   716|             2661|
|   717|             2787|
|   718|             2729|
|   719|             2617|
|   720|             2726|
|   721|             2745|
|   722|             2651|
|   723|             2707|
|   724|             2750|
|   725|             2722|
|   726|             2708|
|   727|             2810|
|   728|             2841|
|   729|             2750|
|   730|             2746|
|   731|             2744|
|   732|             2701|
|   733|             2763|
|   734|             2761|
|   735|             2765|
|   736|             2787|
|   737|             2900|
|   738|             2952|
|   739|             2901|
|   740|             2862|
|   741|             2852|
|   742|             2896|
|   743|             2925|
|   744|             2918|
|   745|             2910|
|   746|             2902|
|   747|             2895|
|   748|             3019|
|   749|             3047|
|   750|             3051|
|   751|             3005|
|   752|             3023|
|   753|             3078|
|   754|             3090|
|   755|             3081|
|   756|             3104|
|   757|             3112|
|   758|             3178|
|   759|             3209|
|   760|             3290|
|   761|             3235|
|   762|             3225|
|   763|             3260|
|   764|             3289|
|   765|             3270|
|   766|             3260|
|   767|             3234|
|   768|             3167|
|   769|             3285|
|   770|             3355|
|   771|             3370|
|   772|             3271|
|   773|             3322|
|   774|             3309|
|   775|             3334|
|   776|             3329|
|   777|             3349|
|   778|             3327|
|   779|             3415|
|   780|             3492|
|   781|             3511|
|   782|             3417|
|   783|             3445|
|   784|             3454|
|   785|             3452|
|   786|             3501|
|   787|             3480|
|   788|             3491|
|   789|             3467|
|   790|             3547|
|   791|             3602|
|   792|             3526|
|   793|             3492|
|   794|             3565|
|   795|             3514|
|   796|             3518|
|   797|             3510|
|   798|             3517|
|   799|             3537|
|   800|             3547|
|   801|             3557|
|   802|             3568|
|   803|             3518|
|   804|             3510|
|   805|             3476|
|   806|             3485|
|   807|             3471|
|   808|             3445|
|   809|             3461|
|   810|             3469|
|   811|             3521|
|   812|             3489|
|   813|             3475|
|   814|             3362|
|   815|             3342|
|   816|             3407|
|   817|             3373|
|   818|             3378|
|   819|             3410|
|   820|             3398|
|   821|             3391|
|   822|             3495|
|   823|             3447|
|   824|             3373|
|   825|             3352|
|   826|             3384|
|   827|             3348|
|   828|             3334|
|   829|             3331|
|   830|             3327|
|   831|             3311|
|   832|             3362|
|   833|             3389|
|   834|             3402|
|   835|             3352|
|   836|             3356|
|   837|             3330|
|   838|             3329|
|   839|             3359|
|   840|             3385|
|   841|             3363|
|   842|             3416|
|   843|             3456|
|   844|             3507|
|   845|             3494|
|   846|             3494|
|   847|             3504|
|   848|             3476|
|   849|             3510|
|   850|             3522|
|   851|             3558|
|   852|             3570|
|   853|             3647|
|   854|             3699|
|   855|             3702|
|   856|             3702|
|   857|             3662|
|   858|             3671|
|   859|             3666|
|   860|             3699|
|   861|             3693|
|   862|             3694|
|   863|             3703|
|   864|             3756|
|   865|             3790|
|   866|             3770|
|   867|             3741|
|   868|             3698|
|   869|             3694|
|   870|             3717|
|   871|             3733|
|   872|             3732|
|   873|             3675|
|   874|             3735|
|   875|             3731|
|   876|             3749|
|   877|             3703|
|   878|             3714|
|   879|             3694|
|   880|             3675|
|   881|             3676|
|   882|             3703|
|   883|             3708|
|   884|             3701|
|   885|             3731|
|   886|             3698|
|   887|             3655|
|   888|             3608|
|   889|             3622|
|   890|             3589|
|   891|             3602|
|   892|             3560|
|   893|             3562|
|   894|             3536|
|   895|             3558|
|   896|             3612|
|   897|             3567|
|   898|             3581|
|   899|             3560|
|   900|             3530|
|   901|             3514|
|   902|             3503|
|   903|             3519|
|   904|             3429|
|   905|             3458|
|   906|             3476|
|   907|             3483|
|   908|             3406|
|   909|             3380|
|   910|             3368|
|   911|             3391|
|   912|             3346|
|   913|             3291|
|   914|             3310|
|   915|             3268|
|   916|             3156|
|   917|             3192|
|   918|             3206|
|   919|             3070|
|   920|             3062|
|   921|             3085|
|   922|             3084|
|   923|             3141|
|   924|             3089|
|   925|             3027|
|   926|             2960|
|   927|             3061|
|   928|             3127|
|   929|             3234|
|   930|             3126|
|   931|             3173|
|   932|             3177|
|   933|             3128|
|   934|             3169|
|   935|             3154|
|   936|             3202|
|   937|             3198|
|   938|             3302|
|   939|             3352|
|   940|             3293|
|   941|             3333|
|   942|             3344|
|   943|             3308|
|   944|             3384|
|   945|             3399|
|   946|             3416|
|   947|             3500|
|   948|             3535|
|   949|             3580|
|   950|             3451|
|   951|             3433|
|   952|             3418|
|   953|             3434|
|   954|             3484|
|   955|             3489|
|   956|             3442|
|   957|             3428|
|   958|             3416|
|   959|             3446|
|   960|             3490|
|   961|             3498|
|   962|             3463|
|   963|             3371|
|   964|             3411|
|   965|             3454|
|   966|             3493|
|   967|             3448|
|   968|             3409|
|   969|             3390|
|   970|             3429|
|   971|             3401|
|   972|             3356|
|   973|             3345|
|   974|             3300|
|   975|             3251|
|   976|             3244|
|   977|             3340|
|   978|             3376|
|   979|             3333|
|   980|             3502|
|   981|             3527|
|   982|             3459|
|   983|             3448|
|   984|             3518|
|   985|             3494|
|   986|             3562|
|   987|             3565|
|   988|             3576|
|   989|             3564|
|   990|             3571|
|   991|             3582|
|   992|             3519|
|   993|             3460|
|   994|             3416|
|   995|             3435|
|   996|             3373|
|   997|             3405|
|   998|             3409|
|   999|             3382|
|  1000|             3352|
|  1001|             3419|
|  1002|             3455|
|  1003|             3359|
|  1004|             3279|
|  1005|             3262|
|  1006|             3267|
|  1007|             3234|
|  1008|             3204|
|  1009|             3123|
|  1010|             3097|
|  1011|             3074|
|  1012|             3123|
|  1013|             3144|
|  1014|             3083|
|  1015|             3129|
|  1016|             3128|
|  1017|             3191|
|  1018|             3309|
|  1019|             3348|
|  1020|             3340|
|  1021|             3387|
|  1022|             3360|
|  1023|             3480|
|  1024|             3416|
|  1025|             3288|
|  1026|             3296|
|  1027|             3246|
|  1028|             3301|
|  1029|             3228|
|  1030|             3244|
|  1031|             3226|
|  1032|             3204|
|  1033|             3209|
|  1034|             3188|
|  1035|             3155|
|  1036|             3104|
|  1037|             3116|
|  1038|             3082|
|  1039|             3107|
|  1040|             3069|
|  1041|             3095|
|  1042|             2997|
|  1043|             3125|
|  1044|             3144|
|  1045|             3066|
|  1046|             3047|
|  1047|             3061|
|  1048|             3071|
|  1049|             3054|
|  1050|             3090|
|  1051|             3054|
|  1052|             3039|
|  1053|             3041|
|  1054|             3069|
|  1055|             3059|
|  1056|             3038|
|  1057|             2982|
|  1058|             2952|
|  1059|             2949|
|  1060|             2947|
|  1061|             2966|
|  1062|             2964|
|  1063|             2986|
|  1064|             3008|
|  1065|             3070|
|  1066|             3031|
|  1067|             2989|
|  1068|             3005|
|  1069|             3054|
|  1070|             3092|
|  1071|             3063|
|  1072|             3146|
|  1073|             3101|
|  1074|             3081|
|  1075|             3108|
|  1076|             3225|
|  1077|             3224|
|  1078|             3144|
|  1079|             3231|
|  1080|             3204|
|  1081|             3241|
|  1082|             3196|
|  1083|             3222|
|  1084|             3189|
|  1085|             3170|
|  1086|             3202|
|  1087|             3161|
|  1088|             3096|
|  1089|             3141|
|  1090|             3186|
|  1091|             3151|
|  1092|             3169|
|  1093|             3156|
|  1094|             3118|
|  1095|             3095|
|  1096|             3188|
|  1097|             3245|
|  1098|             3194|
|  1099|             3158|
|  1100|             3224|
|  1101|             3185|
|  1102|             3218|
|  1103|             3230|
|  1104|             3205|
|  1105|             3199|
|  1106|             3230|
|  1107|             3302|
|  1108|             3229|
|  1109|             3160|
|  1110|             3165|
|  1111|             3163|
|  1112|             3249|
|  1113|             3257|
|  1114|             3287|
|  1115|             3226|
|  1116|             3241|
|  1117|             3275|
|  1118|             3373|
|  1119|             3305|
|  1120|             3236|
|  1121|             3304|
|  1122|             3278|
|  1123|             3269|
|  1124|             3220|
|  1125|             3281|
|  1126|             3319|
|  1127|             3293|
|  1128|             3318|
|  1129|             3391|
|  1130|             3375|
|  1131|             3343|
|  1132|             3353|
|  1133|             3407|
|  1134|             3398|
|  1135|             3404|
|  1136|             3360|
|  1137|             3362|
|  1138|             3464|
|  1139|             3483|
|  1140|             3447|
|  1141|             3325|
|  1142|             3410|
|  1143|             3405|
|  1144|             3409|
|  1145|             3418|
|  1146|             3313|
|  1147|             3235|
|  1148|             3202|
|  1149|             3308|
|  1150|             3280|
|  1151|             3216|
|  1152|             3193|
|  1153|             3214|
|  1154|             3210|
|  1155|             3167|
|  1156|             3182|
|  1157|             3115|
|  1158|             3152|
|  1159|             3164|
|  1160|             3147|
|  1161|             3116|
|  1162|             3103|
|  1163|             3085|
|  1164|             3117|
|  1165|             3097|
|  1166|             3114|
|  1167|             3102|
|  1168|             3122|
|  1169|             3132|
|  1170|             3161|
|  1171|             3223|
|  1172|             3164|
|  1173|             3166|
|  1174|             3141|
|  1175|             3170|
|  1176|             3227|
|  1177|             3211|
|  1178|             3242|
|  1179|             3205|
|  1180|             3237|
|  1181|             3273|
|  1182|             3255|
|  1183|             3143|
|  1184|             3177|
|  1185|             3148|
|  1186|             3168|
|  1187|             3140|
|  1188|             3105|
|  1189|             3091|
|  1190|             3046|
|  1191|             3079|
|  1192|             3132|
|  1193|             3116|
|  1194|             3000|
|  1195|             3036|
|  1196|             3049|
|  1197|             3006|
|  1198|             3030|
|  1199|             3011|
|  1200|             3021|
|  1201|             3061|
|  1202|             3102|
|  1203|             3055|
|  1204|             3048|
|  1205|             3064|
|  1206|             3069|
|  1207|             3054|
|  1208|             3053|
|  1209|             3103|
|  1210|             3016|
|  1211|             3078|
|  1212|             3092|
|  1213|             3119|
|  1214|             3087|
|  1215|             3057|
|  1216|             3096|
|  1217|             3071|
|  1218|             3089|
|  1219|             3049|
|  1220|             3059|
|  1221|             3154|
|  1222|             3143|
|  1223|             3133|
|  1224|             3141|
|  1225|             3143|
|  1226|             3095|
|  1227|             3075|
|  1228|             3081|
|  1229|             3054|
|  1230|             3051|
|  1231|             3081|
|  1232|             3065|
|  1233|             3110|
|  1234|             3138|
|  1235|             3116|
|  1236|             3056|
|  1237|             3064|
|  1238|             3092|
|  1239|             3102|
|  1240|             3107|
|  1241|             3159|
|  1242|             3145|
|  1243|             3163|
|  1244|             3285|
|  1245|             3213|
|  1246|             3110|
|  1247|             3124|
|  1248|             3174|
|  1249|             3184|
|  1250|             3190|
|  1251|             3159|
|  1252|             3164|
|  1253|             3134|
|  1254|             3194|
|  1255|             3253|
|  1256|             3154|
|  1257|             3106|
|  1258|             3094|
|  1259|             3075|
|  1260|             3137|
|  1261|             3143|
|  1262|             3109|
|  1263|             3085|
|  1264|             3074|
|  1265|             3104|
|  1266|             3161|
|  1267|             3081|
|  1268|             3066|
|  1269|             3051|
|  1270|             3127|
|  1271|             3134|
|  1272|             3183|
|  1273|             3120|
|  1274|             3120|
|  1275|             3201|
|  1276|             3280|
|  1277|             3247|
|  1278|             3169|
|  1279|             3186|
|  1280|             3190|
|  1281|             3199|
|  1282|             3205|
|  1283|             3223|
|  1284|             3220|
|  1285|             3201|
|  1286|             3180|
|  1287|             3224|
|  1288|             3293|
|  1289|             3191|
|  1290|             3245|
|  1291|             3278|
|  1292|             3238|
|  1293|             3249|
|  1294|             3234|
|  1295|             3220|
|  1296|             3267|
|  1297|             3329|
|  1298|             3281|
|  1299|             3208|
|  1300|             3226|
|  1301|             3243|
|  1302|             3209|
|  1303|             3229|
|  1304|             3203|
|  1305|             3195|
|  1306|             3216|
|  1307|             3331|
|  1308|             3327|
|  1309|             3239|
|  1310|             3237|
|  1311|             3214|
|  1312|             3227|
|  1313|             3258|
|  1314|             3285|
|  1315|             3247|
|  1316|             3269|
|  1317|             3286|
|  1318|             3277|
|  1319|             3260|
|  1320|             3264|
|  1321|             3296|
|  1322|             3260|
|  1323|             3275|
|  1324|             3291|
|  1325|             3328|
|  1326|             3300|
|  1327|             3354|
|  1328|             3298|
|  1329|             3368|
|  1330|             3298|
|  1331|             3290|
|  1332|             3316|
|  1333|             3312|
|  1334|             3285|
|  1335|             3232|
|  1336|             3283|
|  1337|             3234|
|  1338|             3224|
|  1339|             3333|
|  1340|             3345|
|  1341|             3288|
|  1342|             3284|
|  1343|             3315|
|  1344|             3294|
|  1345|             3277|
|  1346|             3262|
|  1347|             3336|
|  1348|             3292|
|  1349|             3292|
|  1350|             3354|
|  1351|             3340|
|  1352|             3251|
|  1353|             3295|
|  1354|             3328|
|  1355|             3328|
|  1356|             3332|
|  1357|             3353|
|  1358|             3315|
|  1359|             3367|
|  1360|             3366|
|  1361|             3386|
|  1362|             3351|
|  1363|             3293|
|  1364|             3269|
|  1365|             3295|
|  1366|             3269|
|  1367|             3315|
|  1368|             3270|
|  1369|             3304|
|  1370|             3377|
|  1371|             3382|
|  1372|             3347|
|  1373|             3327|
|  1374|             3296|
|  1375|             3320|
|  1376|             3349|
|  1377|             3337|
|  1378|             3317|
|  1379|             3299|
|  1380|             3318|
|  1381|             3339|
|  1382|             3388|
|  1383|             3361|
|  1384|             3273|
|  1385|             3280|
|  1386|             3342|
|  1387|             3329|
|  1388|             3291|
|  1389|             3264|
|  1390|             3276|
|  1391|             3312|
|  1392|             3355|
|  1393|             3349|
|  1394|             3333|
|  1395|             3337|
|  1396|             3342|
|  1397|             3338|
|  1398|             3299|
|  1399|             3324|
|  1400|             3309|
|  1401|             3293|
|  1402|             3379|
|  1403|             3376|
|  1404|             3324|
|  1405|             3305|
|  1406|             3363|
|  1407|             3332|
|  1408|             3310|
|  1409|             3349|
|  1410|             3357|
|  1411|             3330|
|  1412|             3346|
|  1413|             3345|
|  1414|             3357|
|  1415|             3321|
|  1416|             3308|
|  1417|             3323|
|  1418|             3346|
|  1419|             3347|
|  1420|             3373|
|  1421|             3328|
|  1422|             3348|
|  1423|             3350|
|  1424|             3356|
|  1425|             3289|
|  1426|             3266|
|  1427|             3287|
|  1428|             3321|
|  1429|             3315|
|  1430|             3317|
|  1431|             3344|
|  1432|             3335|
|  1433|             3385|
|  1434|             3425|
|  1435|             3364|
|  1436|             3326|
|  1437|             3340|
|  1438|             3367|
|  1439|             3346|
|  1440|             3332|
|  1441|             3314|
|  1442|             3351|
|  1443|             3358|
|  1444|             3369|
|  1445|             3395|
|  1446|             3406|
|  1447|             3325|
|  1448|             3324|
|  1449|             3304|
|  1450|             3313|
|  1451|             3290|
|  1452|             3291|
|  1453|             3313|
|  1454|             3353|
|  1455|             3389|
|  1456|             3358|
|  1457|             3323|
|  1458|             3331|
|  1459|             3326|
|  1460|             3306|
|  1461|             3334|
|  1462|             3325|
|  1463|             3277|
|  1464|             3295|
|  1465|             3365|
|  1466|             3404|
|  1467|             3374|
|  1468|             3347|
|  1469|             3330|
|  1470|             3347|
|  1471|             3347|
|  1472|             3323|
|  1473|             3312|
|  1474|             3304|
|  1475|             3314|
|  1476|             3421|
|  1477|             3421|
|  1478|             3416|
|  1479|             3338|
|  1480|             3342|
|  1481|             3347|
|  1482|             3320|
|  1483|             3314|
|  1484|             3310|
|  1485|             3307|
|  1486|             3378|
|  1487|             3399|
|  1488|             3423|
|  1489|             3400|
|  1490|             3391|
|  1491|             3409|
|  1492|             3401|
|  1493|             3399|
|  1494|             3431|
|  1495|             3392|
|  1496|             3361|
|  1497|             3445|
|  1498|             3454|
|  1499|             3421|
|  1500|             3425|
|  1501|             3433|
|  1502|             3412|
|  1503|             3404|
|  1504|             3440|
|  1505|             3420|
|  1506|             3392|
|  1507|             3410|
|  1508|             3441|
|  1509|             3444|
|  1510|             3344|
|  1511|             3297|
|  1512|             3327|
|  1513|             3320|
|  1514|             3295|
|  1515|             3315|
|  1516|             3284|
|  1517|             3289|
|  1518|             3340|
|  1519|             3321|
|  1520|             3285|
|  1521|             3281|
|  1522|             3304|
|  1523|             3303|
|  1524|             3276|
|  1525|             3278|
|  1526|             3252|
|  1527|             3272|
|  1528|             3307|
|  1529|             3361|
|  1530|             3343|
|  1531|             3332|
|  1532|             3315|
|  1533|             3351|
|  1534|             3349|
|  1535|             3337|
|  1536|             3377|
|  1537|             3354|
-------|------------------
|Total |           536174|
-------|------------------
RAM used: 2063 KB
Computation time: 2060 ms
