1987,36,69345
69626,19.28,1
69873,19,1
70423,34.1,1
70998,36,2
71574,37.69,2
72158,37.12,3
72708,36.13,3
73307,36.72,3
73855,32.81,4
74424,33.01,4
74639,13.36,4
75057,25.3,4
75611,31.9,5
76155,32.22,5
76766,34.52,5
77312,31.8,6
77805,28.77,7
78398,32.22,7
78907,30.27,7
79461,28.44,8
80021,33.37,8
80572,29.45,9
80981,20.26,9
81570,32.98,10
82176,33.75,10
82627,24.45,10
83188,31.85,10
83747,31.5,11
84023,15.75,11
84639,34.52,11
85162,31.86,12
85482,18.63,12
86011,32.98,12
86487,28.92,12
87070,33.01,12
87630,35.34,12
