cntcol LDV running on image 640x480, 32 bitplanes:
-------|--------------------
| Line | # unique colors |
|     0|               73|
|     1|               72|
|     2|               77|
|     3|               71|
|     4|               76|
|     5|               86|
|     6|               82|
|     7|               84|
|     8|               89|
|     9|               95|
|    10|              121|
|    11|              122|
|    12|              120|
|    13|              141|
|    14|              149|
|    15|              142|
|    16|              140|
|    17|              137|
|    18|              139|
|    19|              135|
|    20|              134|
|    21|              133|
|    22|              130|
|    23|              131|
|    24|              130|
|    25|              134|
|    26|              132|
|    27|              136|
|    28|              138|
|    29|              137|
|    30|              144|
|    31|              134|
|    32|              139|
|    33|              140|
|    34|              148|
|    35|              145|
|    36|              142|
|    37|              134|
|    38|              137|
|    39|              136|
|    40|              134|
|    41|              134|
|    42|              139|
|    43|              140|
|    44|              135|
|    45|              141|
|    46|              134|
|    47|              145|
|    48|              142|
|    49|              145|
|    50|              142|
|    51|              150|
|    52|              142|
|    53|              147|
|    54|              155|
|    55|              149|
|    56|              152|
|    57|              160|
|    58|              156|
|    59|              150|
|    60|              155|
|    61|              159|
|    62|              157|
|    63|              157|
|    64|              159|
|    65|              162|
|    66|              163|
|    67|              158|
|    68|              161|
|    69|              156|
|    70|              156|
|    71|              161|
|    72|              163|
|    73|              168|
|    74|              168|
|    75|              170|
|    76|              159|
|    77|              165|
|    78|              172|
|    79|              172|
|    80|              176|
|    81|              167|
|    82|              172|
|    83|              168|
|    84|              170|
|    85|              162|
|    86|              169|
|    87|              176|
|    88|              178|
|    89|              168|
|    90|              169|
|    91|              164|
|    92|              172|
|    93|              176|
|    94|              175|
|    95|              183|
|    96|              179|
|    97|              174|
|    98|              176|
|    99|              176|
|   100|              176|
|   101|              179|
|   102|              179|
|   103|              183|
|   104|              182|
|   105|              182|
|   106|              180|
|   107|              184|
|   108|              174|
|   109|              177|
|   110|              180|
|   111|              180|
|   112|              174|
|   113|              171|
|   114|              173|
|   115|              180|
|   116|              177|
|   117|              181|
|   118|              184|
|   119|              176|
|   120|              174|
|   121|              173|
|   122|              181|
|   123|              175|
|   124|              173|
|   125|              184|
|   126|              192|
|   127|              190|
|   128|              195|
|   129|              193|
|   130|              199|
|   131|              188|
|   132|              191|
|   133|              191|
|   134|              189|
|   135|              187|
|   136|              194|
|   137|              191|
|   138|              186|
|   139|              185|
|   140|              181|
|   141|              186|
|   142|              185|
|   143|              185|
|   144|              181|
|   145|              178|
|   146|              179|
|   147|              183|
|   148|              180|
|   149|              183|
|   150|              179|
|   151|              181|
|   152|              174|
|   153|              168|
|   154|              170|
|   155|              180|
|   156|              178|
|   157|              180|
|   158|              177|
|   159|              169|
|   160|              163|
|   161|              167|
|   162|              163|
|   163|              159|
|   164|              156|
|   165|              150|
|   166|              149|
|   167|              152|
|   168|              158|
|   169|              155|
|   170|              156|
|   171|              157|
|   172|              144|
|   173|              147|
|   174|              139|
|   175|              142|
|   176|              137|
|   177|              138|
|   178|              136|
|   179|              138|
|   180|              137|
|   181|              141|
|   182|              142|
|   183|              144|
|   184|              142|
|   185|              148|
|   186|              142|
|   187|              142|
|   188|              144|
|   189|              145|
|   190|              149|
|   191|              156|
|   192|              158|
|   193|              159|
|   194|              156|
|   195|              155|
|   196|              163|
|   197|              156|
|   198|              157|
|   199|              158|
|   200|              162|
|   201|              163|
|   202|              157|
|   203|              161|
|   204|              156|
|   205|              157|
|   206|              159|
|   207|              157|
|   208|              162|
|   209|              154|
|   210|              157|
|   211|              153|
|   212|              152|
|   213|              158|
|   214|              157|
|   215|              154|
|   216|              145|
|   217|              146|
|   218|              145|
|   219|              154|
|   220|              156|
|   221|              155|
|   222|              159|
|   223|              160|
|   224|              162|
|   225|              167|
|   226|              164|
|   227|              174|
|   228|              176|
|   229|              164|
|   230|              172|
|   231|              184|
|   232|              166|
|   233|              171|
|   234|              172|
|   235|              172|
|   236|              177|
|   237|              184|
|   238|              185|
|   239|              188|
|   240|              195|
|   241|              194|
|   242|              196|
|   243|              200|
|   244|              202|
|   245|              194|
|   246|              190|
|   247|              202|
|   248|              200|
|   249|              199|
|   250|              205|
|   251|              204|
|   252|              204|
|   253|              210|
|   254|              198|
|   255|              194|
|   256|              198|
|   257|              190|
|   258|              186|
|   259|              191|
|   260|              190|
|   261|              192|
|   262|              197|
|   263|              199|
|   264|              201|
|   265|              189|
|   266|              195|
|   267|              190|
|   268|              182|
|   269|              178|
|   270|              179|
|   271|              185|
|   272|              191|
|   273|              189|
|   274|              189|
|   275|              187|
|   276|              182|
|   277|              193|
|   278|              195|
|   279|              189|
|   280|              196|
|   281|              192|
|   282|              186|
|   283|              193|
|   284|              192|
|   285|              195|
|   286|              195|
|   287|              207|
|   288|              204|
|   289|              209|
|   290|              197|
|   291|              197|
|   292|              198|
|   293|              197|
|   294|              209|
|   295|              215|
|   296|              204|
|   297|              205|
|   298|              201|
|   299|              191|
|   300|              199|
|   301|              198|
|   302|              201|
|   303|              197|
|   304|              194|
|   305|              196|
|   306|              195|
|   307|              197|
|   308|              186|
|   309|              192|
|   310|              193|
|   311|              189|
|   312|              184|
|   313|              189|
|   314|              189|
|   315|              188|
|   316|              187|
|   317|              179|
|   318|              191|
|   319|              190|
|   320|              192|
|   321|              198|
|   322|              190|
|   323|              189|
|   324|              187|
|   325|              192|
|   326|              191|
|   327|              195|
|   328|              187|
|   329|              184|
|   330|              191|
|   331|              194|
|   332|              196|
|   333|              181|
|   334|              183|
|   335|              188|
|   336|              196|
|   337|              193|
|   338|              198|
|   339|              207|
|   340|              196|
|   341|              197|
|   342|              202|
|   343|              204|
|   344|              206|
|   345|              197|
|   346|              195|
|   347|              192|
|   348|              195|
|   349|              196|
|   350|              193|
|   351|              183|
|   352|              182|
|   353|              180|
|   354|              184|
|   355|              187|
|   356|              184|
|   357|              200|
|   358|              195|
|   359|              192|
|   360|              195|
|   361|              205|
|   362|              196|
|   363|              203|
|   364|              202|
|   365|              192|
|   366|              195|
|   367|              202|
|   368|              203|
|   369|              208|
|   370|              204|
|   371|              190|
|   372|              204|
|   373|              203|
|   374|              205|
|   375|              206|
|   376|              216|
|   377|              200|
|   378|              213|
|   379|              207|
|   380|              210|
|   381|              207|
|   382|              211|
|   383|              211|
|   384|              216|
|   385|              215|
|   386|              206|
|   387|              204|
|   388|              211|
|   389|              217|
|   390|              210|
|   391|              214|
|   392|              214|
|   393|              217|
|   394|              217|
|   395|              210|
|   396|              203|
|   397|              199|
|   398|              206|
|   399|              206|
|   400|              202|
|   401|              210|
|   402|              201|
|   403|              203|
|   404|              201|
|   405|              206|
|   406|              196|
|   407|              201|
|   408|              197|
|   409|              199|
|   410|              193|
|   411|              189|
|   412|              187|
|   413|              190|
|   414|              193|
|   415|              196|
|   416|              199|
|   417|              196|
|   418|              192|
|   419|              187|
|   420|              193|
|   421|              205|
|   422|              203|
|   423|              196|
|   424|              206|
|   425|              200|
|   426|              198|
|   427|              201|
|   428|              191|
|   429|              188|
|   430|              186|
|   431|              182|
|   432|              194|
|   433|              195|
|   434|              196|
|   435|              196|
|   436|              184|
|   437|              187|
|   438|              187|
|   439|              189|
|   440|              179|
|   441|              180|
|   442|              178|
|   443|              174|
|   444|              178|
|   445|              181|
|   446|              190|
|   447|              189|
|   448|              186|
|   449|              191|
|   450|              186|
|   451|              184|
|   452|              180|
|   453|              177|
|   454|              182|
|   455|              175|
|   456|              173|
|   457|              182|
|   458|              193|
|   459|              194|
|   460|              179|
|   461|              179|
|   462|              188|
|   463|              181|
|   464|              177|
|   465|              180|
|   466|              188|
|   467|              174|
|   468|              166|
|   469|              149|
|   470|              152|
|   471|              141|
|   472|              136|
|   473|              124|
|   474|              122|
|   475|              120|
|   476|              128|
|   477|              124|
|   478|              118|
|   479|              119|
-------|------------------
|Total |              250|
-------|------------------
RAM used: 2050 KB
Computation time: 130 ms
