16
17
2
15
90
2
1
2
1
2
1
2
1
2
1
2
1
2
1
2
1
5
0
0
0
1
0
0
0
1
0
0
0
0
0
0
2
4
0
8
0
2
0
1
0
2
0
0
0
0
0
0
1
5
0
0
0
9
0
1
0
0
0
0
0
0
0
0
2
1
2
1
2
1
4
1
2
1
2
0
0
0
0
0
1
1
0
0
0
0
0
0
0
0
1
0
0
0
0
0
2
1
0
0
2
0
0
0
0
0
0
0
0
0
0
0
1
1
0
0
1
2
1
2
1
2
1
2
1
2
5
5
2
6
0
0
6
5
6
5
6
5
6
5
6
5
6
5
6
6
0
0
0
0
0
0
0
0
0
6
0
0
0
0
6
5
0
0
0
0
0
6
0
0
0
0
0
0
0
0
5
6
6
5
6
5
6
5
6
5
6
5
6
0
0
6
6
4
3
4
3
4
3
4
3
4
3
4
3
4
0
0
3
3
0
0
0
0
0
3
0
0
0
0
0
3
0
0
4
4
0
0
0
3
0
0
0
0
0
3
0
4
0
0
3
3
0
0
0
0
0
3
0
0
0
3
0
0
0
0
4
4
3
4
3
4
3
4
3
4
3
4
3
4
3
4
3
