9158
9547
9344
9223
9354
9444
9747
9548
9315
9260
9447
9683
9803
9535
9772
9742
9575
9525
9337
9435
9495
9396
9342
9618
9704
9633
9322
9269
9144
9296
9574
9863
9847
9741
9490
9219
9442
9483
9533
9667
9595
9600
9670
9575
9564
9468
9279
9417
9541
9565
9463
9412
9098
9474
9644
9663
9426
9239
9235
9305
9657
9374
9422
9598
9493
9532
9543
9481
9484
9188
9328
9552
9750
9602
9343
9363
9351
9486
9410
9648
9860
9779
9502
9433
9396
9454
9550
9635
9737
9688
9657
9658
9656
9691
9481
9083
9006
9331
9405
9484
9588
9394
9494
9480
9522
9550
9217
9281
9434
9427
9248
9445
9663
9521
9585
9447
9616
9586
9378
9469
9608
9838
9707
9644
9386
9314
9409
9268
9413
9436
9428
9554
9599
9590
9619
9578
9725
9813
9484
9484
9660
9601
9607
9634
9277
9345
9439
9326
9498
9604
9494
9562
9768
9646
9487
9453
9391
9496
9391
9568
9628
9528
9485
9513
9357
9624
9417
9226
9750
9716
9829
9622
9678
9540
9348
9534
9462
9386
9554
9334
9088
9486
9635
9373
9524
9697
9679
9620
9521
9478
9543
9582
9549
9388
9199
9235
9495
9485
9548
9580
9383
9475
9522
9355
9370
9313
9522
9472
9406
9538
9374
9394
9679
9644
9716
9272
9269
9719
9648
9730
9594
9538
9482
9298
9409
9503
9266
9477
9616
9376
9485
9314
9311
9438
9619
9694
9682
9477
9468
9750
9818
9577
9390
9510
9558
9638
9534
9620
9632
9619
9682
9452
9300
9399
9346
9458
9524
9611
9678
9387
9438
9753
9753
9676
9541
9574
9648
9690
9715
9639
9566
9549
9481
9464
9465
9270
9393
9530
9087
9163
9348
9444
9572
9474
9512
9624
9543
9537
9842
9737
9649
9717
9567
9646
9794
9770
9515
9511
9566
9371
9387
9524
9596
9391
9604
9789
9789
9645
9618
9659
9320
9532
9644
9417
9450
9506
9521
9592
9634
9716
9683
9688
9599
9613
9596
9238
9362
9382
9351
9470
9381
9588
9555
9533
9706
9706
9517
9657
9729
9545
9612
9624
9477
9653
9724
9488
9577
9563
9297
9453
9477
9533
9620
9674
9634
9710
9631
9763
9621
9418
9434
9533
9467
9413
9588
9529
9629
9657
9697
9587
9669
9578
9635
9569
9298
9409
9310
9459
9733
9631
9491
9419
9344
9722
9830
9722
9542
9482
9270
9292
9416
9303
9603
9639
9494
9355
9333
9606
9492
9534
9569
9782
9794
9758
9755
9745
9684
9542
9448
9326
9594
9598
9402
9406
9520
9604
9625
9659
9423
9558
9674
9598
9400
9299
9518
9429
9479
9663
9630
9360
9404
9539
9636
9746
9574
9299
9289
9290
9132
9453
9449
9580
9641
9506
9168
9487
9558
9419
9615
9602
9575
9843
9646
9515
9673
9525
9615
9452
9379
9324
9389
9643
9506
9106
9434
9513
9473
9620
9735
9743
9655
9549
9401
9498
9544
9665
9601
9670
9613
9256
9343
9682
9489
9546
9204
9169
9492
9419
9490
9539
9669
9771
9684
9562
9577
9640
9655
9557
9702
9835
9864
9649
9617
9697
9410
9402
9458
9566
9403
9262
9388
9329
