 1
 1
 1
 1
 1
 1
 1
 1
 1
 1
 1
 1
 1
 1
 1
 1
 1
 0
 0
 13
 0
 0
 0
 0
 1
 1
 0
 1
 0
 1
 0
 1
 1
 0
 0
 0
 0
 13
 0
 0
 1
 1
 0
 0
 0
 1
 0
 1
 1
 0
 0
 0
 0
 0
 0
 0
 2
 0
 0
 0
 0
 0
 0
 1
 1
 0
 0
 0
 13
 0
 13
 0
 2
 0
 0
 13
 0
 0
 0
 1
 1
 0
 4
 13
 0
 13
 0
 13
 2
 0
 0
 0
 13
 0
 0
 1
 1
 0
 0
 13
 0
 0
 0
 0
 2
 2
 0
 0
 13
 13
 0
 1
 1
 0
 0
 13
 0
 0
 0
 13
 14
 0
 5
 0
 13
 13
 0
 1
 1
 0
 0
 13
 0
 0
 0
 0
 2
 2
 0
 0
 13
 0
 0
 1
 1
 0
 6
 13
 0
 13
 0
 13
 2
 0
 0
 0
 13
 0
 0
 1
 1
 0
 0
 0
 13
 0
 13
 0
 2
 0
 0
 13
 13
 0
 0
 1
 1
 0
 0
 0
 0
 13
 0
 0
 2
 0
 0
 13
 0
 0
 0
 1
 1
 0
 13
 0
 0
 13
 13
 13
 2
 1
 1
 1
 1
 1
 1
 1
 1
 13
 0
 13
 13
 13
 13
 13
 13
 13
 13
 13
 13
 13
 13
 1
 1
 0
 13
 13
 13
 13
 13
 13
 13
 13
 13
 13
 13
 13
 18
 1
 1
 1
 1
 1
 1
 1
 1
 1
 1
 1
 1
 1
 1
 1
 1
 1
 6
 3
 8
 11
 10
 3
 5
 2
 35
 20
 8
 3
 34
 21
 34
 21
 34
 21
 34
 21
