 1
 1
 1
 1
 1
 1
 1
 1
 1
 1
 1
 1
 1
 1
 1
 1
 1
 13
 0
 0
 0
 0
 13
 0
 0
 13
 0
 0
 0
 0
 13
 1
 1
 13
 20
 13
 13
 13
 13
 0
 0
 13
 0
 0
 0
 13
 0
 1
 1
 13
 0
 0
 0
 0
 13
 0
 0
 13
 13
 13
 13
 0
 0
 1
 1
 0
 13
 13
 13
 13
 13
 0
 13
 0
 0
 13
 0
 0
 0
 1
 1
 0
 0
 13
 0
 0
 13
 13
 0
 0
 13
 0
 0
 0
 0
 1
 1
 0
 0
 0
 13
 0
 13
 0
 0
 13
 0
 0
 4
 0
 0
 1
 1
 0
 6
 0
 0
 13
 13
 0
 13
 0
 0
 13
 13
 13
 13
 1
 1
 13
 13
 13
 13
 13
 13
 13
 13
 13
 13
 13
 0
 0
 0
 1
 1
 0
 0
 0
 0
 0
 13
 13
 13
 0
 0
 13
 0
 0
 0
 1
 1
 0
 0
 0
 0
 13
 0
 5
 0
 0
 0
 13
 0
 0
 0
 1
 1
 0
 0
 0
 13
 0
 0
 13
 0
 0
 0
 13
 0
 0
 0
 1
 1
 0
 0
 13
 0
 0
 13
 13
 13
 0
 0
 0
 13
 13
 13
 1
 1
 0
 13
 0
 0
 13
 0
 0
 13
 13
 0
 0
 0
 0
 0
 1
 1
 13
 0
 0
 0
 13
 0
 0
 18
 13
 0
 0
 0
 0
 0
 1
 1
 1
 1
 1
 1
 1
 1
 1
 1
 1
 1
 1
 1
 1
 1
 1
 7
 13
 11
 8
 8
 3
 2
 3
 35
 20
 5
 2
-3
-3
 15
 14
 10
 3
-3
-3
