 1
 1
 1
 1
 1
 1
 1
 1
 1
 1
 1
 1
 1
 1
 1
 1
 1
 13
 13
 13
 13
 13
 13
 13
 13
 13
 2
 13
 0
 0
 0
 1
 1
 13
 13
 13
 13
 13
 13
 13
 13
 13
 2
 13
 0
 0
 0
 1
 1
 13
 13
 13
 13
 13
 13
 13
 13
 13
 2
 13
 0
 0
 0
 1
 1
 13
 13
 13
 13
 13
 13
 13
 13
 13
 2
 13
 0
 4
 0
 1
 1
 13
 13
 13
 13
 13
 13
 13
 13
 13
 2
 13
 0
 0
 0
 1
 1
 13
 13
 13
 2
 13
 13
 2
 2
 2
 2
 13
 2
 0
 0
 1
 1
 13
 13
 13
 2
 0
 13
 13
 13
 13
 13
 13
 2
 5
 0
 1
 1
 1
 1
 1
 2
 2
 2
 2
 2
 2
 2
 2
 2
 0
 0
 1
 1
 1
 1
 1
 1
 1
 1
 1
 1
 1
 2
 13
 0
 0
 0
 1
 1
 1
 1
 0
 1
 1
 1
 0
 1
 1
 2
 13
 0
 0
 0
 1
 1
 1
 1
 1
 1
 0
 1
 1
 0
 1
 2
 13
 6
 0
 0
 1
 1
 1
 1
 1
 1
 0
 1
 1
 0
 1
 2
 13
 0
 0
 0
 1
 1
 1
 1
 0
 1
 1
 1
 0
 1
 1
 2
 13
 0
 0
 0
 1
 1
 1
 1
 1
 1
 1
 1
 1
 1
 1
 2
 18
 0
 0
 0
 1
 1
 1
 1
 1
 1
 1
 1
 1
 1
 1
 1
 1
 1
 1
 1
 1
 5
 14
 8
 14
 12
 13
 2
 2
 35
 20
 8
 6
 2
 15
 3
 15
 4
 15
 5
 15
