 1
 1
 1
 1
 1
 1
 1
 1
 1
 1
 1
 1
 1
 1
 1
 1
 1
 0
 0
 0
 0
 0
 0
 0
 0
 0
 0
 0
 0
 1
 0
 1
 1
 0
 1
 1
 1
 1
 1
 1
 1
 1
 1
 1
 0
 1
 0
 1
 1
 0
 1
 0
 0
 0
 0
 0
 0
 1
 0
 1
 0
 1
 0
 1
 1
 0
 0
 0
 1
 1
 1
 1
 0
 1
 0
 0
 0
 1
 0
 1
 1
 0
 1
 1
 1
 0
 0
 1
 0
 1
 0
 1
 1
 1
 0
 1
 1
 0
 1
 0
 0
 1
 0
 0
 0
 1
 0
 0
 0
 1
 0
 1
 1
 0
 1
 0
 0
 1
 0
 1
 0
 1
 1
 1
 0
 1
 0
 1
 1
 0
 1
 0
 0
 1
 0
 1
 1
 1
 0
 0
 0
 1
 0
 1
 1
 1
 1
 1
 0
 1
 0
 1
 0
 0
 0
 1
 1
 1
 0
 1
 1
 0
 0
 0
 0
 0
 0
 1
 0
 1
 0
 1
 4
 1
 0
 1
 1
 0
 1
 1
 1
 1
 1
 1
 0
 1
 0
 1
 5
 1
 0
 1
 1
 0
 1
 0
 0
 0
 0
 1
 0
 1
 0
 1
 6
 1
 0
 1
 1
 0
 1
 0
 1
 0
 1
 1
 0
 1
 1
 1
 1
 1
 0
 1
 1
 0
 0
 0
 1
 0
 18
 1
 0
 0
 0
 0
 0
 0
 0
 1
 1
 1
 1
 1
 1
 1
 1
 1
 1
 1
 1
 1
 1
 1
 1
 1
 11
 13
 12
 13
 13
 13
 10
 11
 35
 20
 35
 21
 2
 15
 34
 21
 34
 21
 34
 21
