 1
 1
 1
 1
 1
 1
 1
 1
 1
 1
 1
 1
 1
 1
 1
 1
 1
 13
 13
 13
 13
 13
 13
 13
 13
 13
 13
 13
 13
 0
 0
 1
 1
 13
 0
 13
 13
 13
 13
 13
 13
 13
 13
 13
 13
 0
 0
 1
 1
 13
 13
 13
 13
 13
 13
 13
 13
 13
 13
 13
 13
 0
 0
 1
 1
 13
 13
 13
 13
 13
 13
 13
 13
 13
 13
 13
 13
 0
 0
 1
 1
 2
 2
 2
 2
 2
 2
 2
 2
 2
 2
 13
 13
 0
 0
 1
 1
 13
 13
 13
 13
 13
 13
 13
 13
 13
 2
 13
 13
 0
 0
 1
 1
 0
 13
 13
 13
 13
 13
 13
 13
 13
 2
 13
 13
 13
 13
 1
 1
 2
 2
 2
 2
 2
 13
 6
 13
 13
 2
 13
 13
 13
 13
 1
 1
 13
 18
 13
 13
 2
 13
 5
 13
 13
 2
 13
 13
 0
 0
 1
 1
 2
 2
 2
 2
 2
 13
 4
 13
 13
 2
 13
 13
 0
 0
 1
 1
 13
 13
 13
 13
 13
 13
 13
 13
 13
 2
 13
 13
 0
 0
 1
 1
 2
 2
 2
 2
 2
 2
 2
 2
 2
 2
 13
 13
 0
 0
 1
 1
 13
 13
 13
 13
 13
 13
 13
 13
 13
 13
 13
 13
 0
 0
 1
 1
 13
 13
 13
 13
 13
 13
 13
 13
 13
 13
 13
 13
 0
 0
 1
 1
 1
 1
 1
 1
 1
 1
 1
 1
 1
 1
 1
 1
 1
 1
 1
 11
 8
 10
 8
 9
 8
 14
 2
 8
 2
 3
 3
 7
 15
 10
 15
-3
-3
-3
-3
