 1
 1
 1
 1
 1
 1
 1
 1
 1
 1
 1
 1
 1
 1
 1
 1
 1
 0
 0
 0
 0
 13
 0
 0
 0
 0
 0
 0
 1
 13
 13
 1
 1
 0
 0
 0
 4
 13
 0
 0
 0
 0
 0
 0
 1
 13
 13
 1
 1
 1
 0
 0
 0
 13
 0
 0
 0
 5
 0
 0
 1
 13
 13
 1
 1
 1
 0
 0
 0
 13
 0
 0
 0
 0
 0
 0
 1
 13
 13
 1
 1
 1
 1
 0
 0
 13
 0
 0
 0
 0
 0
 0
 1
 13
 13
 1
 1
 1
 1
 0
 0
 13
 0
 0
 0
 14
 0
 0
 1
 13
 13
 1
 1
 1
 1
 1
 1
 1
 1
 2
 2
 2
 2
 2
 1
 13
 13
 1
 1
 1
 1
 0
 0
 13
 0
 30
 14
 0
 0
 0
 1
 13
 13
 1
 1
 1
 1
 1
 1
 1
 1
 2
 2
 2
 2
 2
 1
 13
 13
 1
 1
 1
 1
 0
 0
 13
 0
 0
 0
 0
 0
 0
 1
 13
 13
 1
 1
 1
 0
 0
 0
 13
 0
 30
 0
 0
 0
 0
 1
 13
 13
 1
 1
 1
 0
 0
 0
 13
 0
 0
 0
 6
 0
 0
 1
 13
 13
 1
 1
 18
 0
 0
 0
 13
 0
 0
 0
 0
 0
 0
 1
 13
 13
 1
 1
 0
 0
 0
 0
 13
 0
 0
 0
 0
 0
 0
 1
 13
 13
 1
 1
 1
 1
 1
 1
 1
 1
 1
 1
 1
 1
 1
 1
 1
 1
 1
 3
 5
 4
 10
 13
 10
 3
 2
 7
 5
 9
 5
 34
 21
 34
 21
 34
 21
 34
 21
