 1
 1
 1
 1
 1
 1
 1
 1
 1
 1
 1
 1
 1
 1
 1
 1
 1
 0
 0
 0
 0
 0
 0
 0
 0
 0
 0
 0
 0
 0
 0
 1
 1
 0
 1
 1
 1
 1
 1
 1
 1
 1
 1
 1
 1
 1
 0
 1
 1
 0
 0
 2
 2
 2
 2
 2
 2
 2
 2
 2
 2
 2
 0
 1
 1
 0
 0
 0
 2
 13
 2
 13
 2
 13
 2
 13
 2
 13
 0
 1
 1
 0
 4
 0
 0
 2
 13
 2
 13
 2
 13
 2
 13
 2
 0
 1
 1
 0
 0
 0
 0
 0
 13
 13
 2
 13
 13
 13
 13
 13
 0
 1
 1
 0
 0
 0
 0
 0
 0
 13
 13
 13
 13
 13
 13
 13
 0
 1
 1
 0
 0
 0
 0
 0
 0
 13
 13
 13
 13
 13
 13
 13
 0
 1
 1
 0
 0
 0
 0
 0
 13
 0
 0
 13
 13
 5
 13
 13
 0
 1
 1
 0
 0
 0
 0
 13
 0
 0
 0
 0
 13
 13
 13
 13
 0
 1
 1
 0
 0
 0
 13
 0
 0
 0
 0
 0
 0
 13
 18
 13
 0
 1
 1
 0
 0
 13
 0
 0
 0
 0
 0
 0
 0
 0
 13
 13
 0
 1
 1
 0
 13
 0
 0
 0
 0
 0
 6
 0
 0
 0
 0
 13
 0
 1
 1
 0
 0
 0
 0
 0
 0
 0
 0
 0
 0
 0
 0
 0
 0
 1
 1
 1
 1
 1
 1
 1
 1
 1
 1
 1
 1
 1
 1
 1
 1
 1
 6
 3
 10
 12
 14
 9
 9
 4
 35
 20
 35
 21
 2
 4
 2
 13
 34
 21
 34
 21
