 1
 1
 1
 1
 1
 1
 1
 1
 1
 1
 1
 1
 1
 1
 1
 1
 1
 13
 13
 13
 18
 13
 13
 13
 13
 13
 13
 13
 13
 13
 13
 1
 1
 13
 13
 13
 13
 13
 13
 13
 13
 13
 13
 13
 13
 13
 13
 1
 1
 0
 13
 13
 13
 13
 13
 13
 13
 13
 13
 13
 0
 0
 0
 1
 1
 2
 2
 2
 2
 2
 2
 2
 2
 2
 2
 2
 2
 2
 2
 1
 1
 13
 13
 13
 13
 13
 13
 2
 2
 2
 13
 13
 4
 13
 13
 1
 1
 13
 13
 13
 5
 13
 13
 2
 2
 2
 13
 13
 13
 13
 13
 1
 1
 13
 13
 13
 13
 13
 13
 2
 2
 2
 13
 13
 13
 13
 13
 1
 1
 0
 13
 13
 13
 13
 13
 13
 13
 13
 13
 13
 0
 0
 0
 1
 1
 2
 2
 2
 2
 2
 2
 2
 2
 2
 2
 2
 2
 2
 2
 1
 1
 13
 13
 13
 13
 13
 13
 13
 2
 13
 13
 13
 13
 13
 13
 1
 1
 13
 13
 13
 13
 13
 13
 13
 2
 13
 13
 13
 13
 13
 13
 1
 1
 13
 13
 13
 6
 13
 13
 13
 2
 13
 13
 13
 13
 13
 13
 1
 1
 13
 13
 13
 13
 13
 13
 13
 2
 13
 13
 13
 13
 13
 13
 1
 1
 13
 13
 13
 13
 13
 13
 13
 2
 13
 13
 13
 13
 13
 13
 1
 1
 1
 1
 1
 1
 1
 1
 1
 1
 1
 1
 1
 1
 1
 1
 1
 6
 13
 7
 5
 13
 5
 2
 2
 9
 2
 4
 2
-3
-3
 4
 15
 9
 15
-3
-3
