 1
 1
 1
 1
 1
 1
 1
 1
 1
 1
 1
 1
 1
 1
 1
 1
 1
 13
 13
 13
 13
 13
 13
 13
 13
 13
 13
 13
 13
 13
 13
 1
 1
 13
 13
 13
 13
 13
 13
 13
 13
 13
 13
 13
 13
 13
 13
 1
 1
 13
 13
 13
 13
 13
 13
 13
 13
 13
 13
 13
 13
 13
 13
 1
 1
 18
 13
 13
 13
 13
 13
 13
 13
 5
 13
 13
 13
 13
 13
 1
 1
 2
 2
 2
 2
 2
 2
 13
 13
 13
 13
 13
 13
 13
 13
 1
 1
 0
 0
 0
 0
 0
 2
 13
 2
 2
 2
 13
 13
 13
 13
 1
 1
 0
 13
 13
 13
 13
 2
 13
 2
 0
 2
 13
 13
 13
 13
 1
 1
 0
 13
 13
 13
 13
 13
 13
 13
 0
 2
 13
 13
 13
 13
 1
 1
 0
 13
 13
 4
 13
 13
 13
 13
 0
 2
 13
 13
 13
 13
 1
 1
 0
 13
 13
 13
 13
 13
 13
 13
 0
 2
 13
 13
 13
 13
 1
 1
 0
 13
 13
 13
 13
 13
 13
 13
 0
 2
 13
 13
 13
 13
 1
 1
 0
 13
 13
 13
 13
 13
 13
 13
 0
 2
 13
 13
 6
 13
 1
 1
 0
 0
 0
 0
 0
 0
 0
 0
 0
 2
 13
 13
 13
 13
 1
 1
 2
 2
 2
 2
 2
 2
 2
 2
 2
 2
 13
 13
 13
 1
 1
 1
 1
 1
 1
 1
 1
 1
 1
 1
 1
 1
 1
 1
 1
 1
 1
 10
 5
 5
 10
 13
 14
 2
 2
 35
 20
 35
 21
 8
 10
 34
 21
 34
 21
 34
 21
