 1
 1
 1
 1
 1
 1
 1
 1
 1
 1
 1
 1
 1
 1
 1
 1
 1
 18
 0
 0
 0
 0
 0
 1
 1
 0
 0
 0
 0
 0
 0
 1
 1
 0
 0
 4
 0
 0
 0
 1
 1
 0
 0
 0
 0
 0
 0
 1
 1
 0
 0
 0
 0
 0
 0
 1
 1
 0
 0
 0
 0
 0
 0
 1
 1
 0
 0
 0
 0
 0
 0
 13
 13
 0
 0
 0
 0
 0
 0
 1
 1
 0
 13
 0
 0
 0
 0
 1
 1
 0
 0
 0
 0
 0
 0
 1
 1
 0
 13
 0
 0
 0
 0
 2
 2
 0
 0
 0
 0
 0
 0
 1
 1
 1
 1
 1
 13
 2
 13
 13
 13
 2
 1
 13
 1
 1
 1
 1
 1
 1
 1
 1
 13
 2
 2
 5
 13
 2
 1
 13
 1
 1
 1
 1
 1
 0
 13
 0
 0
 0
 0
 2
 2
 0
 0
 0
 0
 0
 0
 1
 1
 0
 13
 0
 0
 0
 14
 1
 1
 0
 0
 0
 0
 0
 0
 1
 1
 0
 0
 0
 0
 0
 0
 13
 13
 0
 0
 0
 0
 0
 0
 1
 1
 0
 0
 0
 0
 0
 0
 1
 1
 0
 0
 6
 0
 0
 0
 1
 1
 0
 0
 0
 0
 0
 0
 1
 1
 0
 0
 0
 0
 0
 0
 1
 1
 0
 0
 0
 0
 0
 0
 1
 1
 0
 0
 0
 0
 0
 0
 1
 1
 1
 1
 1
 1
 1
 1
 1
 1
 1
 1
 1
 1
 1
 1
 1
 3
 4
 9
 8
 13
 12
 15
 15
 11
 2
 7
 2
 15
 7
-3
-3
-3
-3
 7
 15
