; Magic numbers. UK 3D talk (0865) 250310 Tony
P(-4432)
P(-2216)
P(0)
P(2216)
P(4432)
P(0)
P(0)
P(0)
P(0)
P(0)
P(2717)
P(10000)
P(1710)
P(10000)
P(-692)
P(692)
P(-175)
P(2500)
P(2)
P(1500)
P(20)
P(50)
P(50)
P(100)
P(100)
P(100)
P(200)
P(35)
P(60)
P(12)
P(136)
P(26)
P(5)
P(1)
P(1)
P(30)
P(13)
P(0)
P(5)
P(20)
P(218)
;P(48)	; Amiga
P(49)	; ST
P(5)
P(5)
P(81)
P(81)
P(43)
P(0)
P(3855)
P(0)
P(18)
P(17)
P(110)
P(32)
P(136)
P(19)
P(112)
P(1)
P(5)
P(1)
P(1)
P(5)
P(5)
;P(-3)	; Amiga
P(-6)	; ST
P(150)
P(700)
P(300)
P(10)
P(25)
P(35)
P(500)
P(510)
P(1000)
P(0)
P(0)
P(-100)
P(0)
P(0)
P(-80)
P(-100)
P(35)
P(12)
P(208)
P(25)
P(0)
P(0)
P(0)
P(0)
P(0)
P(30)
P(9999)
C0(50,9,220,6)
C1(5,17,310,6)
C2(5,25,310,6)
A(0,192,155,16,12 ,1,0,90,0,44)
A(0,208,155,16,12 ,1,0,91,0,45)
A(0,224,155,16,12 ,1,0,92,0,46)
A(0,192,167,16,12 ,1,0,93,0,47)
A(0,208,167,16,12 ,1,0,94,0,48)
A(0,224,167,16,12 ,1,0,95,0,49)
A(0,192,179,16,12 ,1,0,96,0,50)
A(0,208,179,16,12 ,1,0,97,0,51)
A(0,224,179,16,12 ,1,0,98,0,52)
A(0,192,191,16,12 ,1,0,99,0,53)
A(0,208,191,16,12 ,1,0,100,0,72)
A(0,224,191,16,12 ,1,0,101,0,73)
A(0,0,142,32,12,1,0,0,2,3)
A(0,32,142,32,12,1,0,1,2,4)
A(0,64,142,32,12,1,0,2,1,5)
A(0,96,142,32,12,1,0,3,1,6)
A(0,128,142,32,12,1,0,4,1,27)
A(0,192,142,32,12,1,0,5,1,28)
A(0,176,155,16,12,1,0,6,1,29)
A(0,176,167,16,12,65,0,7,1,30)
A(0,224,142,32,12,1,0,8,1,34)
A(0,160,142,32,12,1,0,9,1,35)
A(0,192,155,48,47,1,0,10,1,42)
A(0,304,142,16,12,1,0,11,1,54)
A(0,272,142,16,12,1,0,12,1,55)
A(0,256,142,16,12,1,0,13,1,56)
A(0,288,142,16,12,1,0,14,1,57)
A(0,240,155,16,12,1,0,15,1,58)
A(0,240,167,16,12,65,0,16,1,59)
A(0,240,179,16,12,65,0,17,1,60)
A(0,240,191,16,11,65,0,18,1,61)
A(0,176,191,16,11,1,0,19,0,62)
A(0,176,179,16,11,1,0,27,0,74)
A(0,96,155,32,30,65,0,20,1,17)
A(0,144,155,16,11,65,0,21,1,36)
A(0,128,155,16,11,65,0,22,1,37)
A(0,128,167,16,9,65,0,23,1,38)
A(0,128,176,16,9,65,0,24,1,39)
A(0,144,167,16,9,65,0,25,1,40)
A(0,144,176,16,9,65,0,26,1,41)
A(0,16,155,32,11,1,0,30,1,7)
A(0,16,167,32,11,1,0,31,1,8)
A(0,16,179,32,11,1,0,32,1,9)
A(0,16,191,32,11,1,0,33,1,10)
A(0,48,155,16,11,1,0,34,1,11)
A(0,48,167,16,11,1,0,35,1,12)
A(0,48,179,16,11,1,0,36,1,13)
A(0,48,191,16,11,1,0,37,1,14)
A(0,0,155,16,46,1,0,38,1,15)
A(0,64,155,16,46,65,0,39,1,16)
A(0,256,155,32,11,1,0,60,1,18)
A(0,288,155,32,11,1,0,61,1,19)
A(0,256,167,16,11,65,0,62,1,20)
A(0,256,179,16,11,65,0,63,1,21)
A(0,256,191,16,11,65,0,64,1,22)
A(0,272,167,16,11,65,0,65,1,23)
A(0,288,167,16,11,65,0,66,1,24)
A(0,272,179,16,11,65,0,67,1,25)
A(0,288,179,16,11,65,0,68,1,26)
A(0,272,191,16,11,65,0,69,1,31)
A(0,288,191,16,11,65,0,70,1,32)
A(0,304,191,16,11,65,0,71,1,33)
A(0,304,167,16,11,1,0,73,1,70)
A(0,304,179,16,11,1,0,72,1,71)
A(1,288,142,32,21,1,0,0,0,1)
A(1,0,142,32,21,1,0,1,0,2)
A(2,17,161,110,32,1,0,0,0,69)
A(2,135,177,29,18,1,1,1,0,66)
A(2,176,177,29,18,1,1,2,0,67)
A(2,217,177,29,18,1,1,3,0,68)
A(2,0,147,18,15,1,1,4,0,64)
A(2,0,164,18,16,1,1,5,0,65)
A(2,135,161,112,8,1,0,6,0,69)
A(2,34,147,208,8,1,0,7,0,69)
A(2,16,147,16 ,9,1,1,8,0,75)
A(0,16,0,57,25,6,0,0,0,0)
A(0,74,0,57,25,6,1,0,0,0)
A(0,132,0,57,25,6,2,0,0,0)
A(0,188,0,57,25,6,3,0,0,0)
A(0,246,0,57,25,6,4,0,0,0)
A(0,16,25,57,25,10,0,0,0,0)
A(0,74,25,57,25,10,1,0,0,0)
A(0,132,25,57,25,10,2,0,0,0)
A(0,188,25,57,25,10,3,0,0,0)
A(0,246,25,57,25,10,4,0,0,0)
;A(0,0,50,159,87,18,0,0,0,0)
;A(0,160,50,159,87,34,1,0,0,0)
A(0,0,50,159,84,18,0,0,0,0)
A(0,160,50,159,84,34,1,0,0,0)
X

