0
12
25
37
50
62
75
87
100
113
125
138
150
163
175
188
200
213
226
238
251
263
276
288
301
313
326
338
351
363
376
388
401
413
426
438
451
463
476
488
501
513
526
538
551
563
576
588
601
613
625
638
650
663
675
687
700
712
725
737
749
762
774
786
799
811
823
836
848
860
872
885
897
909
921
934
946
958
970
983
995
1007
1019
1031
1043
1056
1068
1080
1092
1104
1116
1128
1140
1152
1164
1176
1189
1201
1213
1225
1237
1248
1260
1272
1284
1296
1308
1320
1332
1344
1356
1368
1379
1391
1403
1415
1427
1438
1450
1462
1474
1485
1497
1509
1520
1532
1544
1555
1567
1579
1590
1602
1613
1625
1636
1648
1659
1671
1682
1694
1705
1717
1728
1739
1751
1762
1773
1785
1796
1807
1819
1830
1841
1852
1864
1875
1886
1897
1908
1919
1930
1941
1952
1964
1975
1986
1997
2007
2018
2029
2040
2051
2062
2073
2084
2094
2105
2116
2127
2138
2148
2159
2170
2180
2191
2201
2212
2223
2233
2244
2254
2265
2275
2286
2296
2306
2317
2327
2337
2348
2358
2368
2379
2389
2399
2409
2419
2429
2439
2450
2460
2470
2480
2490
2500
2510
2519
2529
2539
2549
2559
2569
2579
2588
2598
2608
2617
2627
2637
2646
2656
2665
2675
2684
2694
2703
2713
2722
2732
2741
2750
2760
2769
2778
2787
2796
2806
2815
2824
2833
2842
2851
2860
2869
2878
2887
2896
2905
2914
2922
2931
2940
2949
2957
2966
2975
2983
2992
3000
3009
3018
3026
3034
3043
3051
3060
3068
3076
3085
3093
3101
3109
3117
3126
3134
3142
3150
3158
3166
3174
3182
3190
3197
3205
3213
3221
3229
3236
3244
3252
3259
3267
3274
3282
3289
3297
3304
3312
3319
3326
3334
3341
3348
3356
3363
3370
3377
3384
3391
3398
3405
3412
3419
3426
3433
3440
3447
3453
3460
3467
3473
3480
3487
3493
3500
3506
3513
3519
3526
3532
3538
3545
3551
3557
3563
3570
3576
3582
3588
3594
3600
3606
3612
3618
3624
3629
3635
3641
3647
3652
3658
3664
3669
3675
3680
3686
3691
3697
3702
3708
3713
3718
3723
3729
3734
3739
3744
3749
3754
3759
3764
3769
3774
3779
3784
3789
3793
3798
3803
3807
3812
3817
3821
3826
3830
3834
3839
3843
3848
3852
3856
3860
3864
3869
3873
3877
3881
3885
3889
3893
3897
3900
3904
3908
3912
3915
3919
3923
3926
3930
3933
3937
3940
3944
3947
3950
3954
3957
3960
3963
3967
3970
3973
3976
3979
3982
3985
3988
3990
3993
3996
3999
4001
4004
4007
4009
4012
4014
4017
4019
4022
4024
4026
4029
4031
4033
4035
4037
4039
4041
4043
4045
4047
4049
4051
4053
4055
4057
4058
4060
4062
4063
4065
4066
4068
4069
4071
4072
4073
4075
4076
4077
4078
4079
4080
4081
4082
4083
4084
4085
4086
4087
4088
4089
4089
4090
4091
4091
4092
4092
4093
4093
4094
4094
4094
4095
4095
4095
4095
4095
4095
4095
4096
