(-1017,-672,12990)
(1076,17,2516)
(3601,-836,8661)
(5721,6176,14759)
(-7038,-1595,20291)
(-4014,7430,24451)
(675,1059,3962)
(-1437,-1544,12338)
(-1978,389,4613)
(7258,8037,25482)
(107,-155,5038)
(-8279,1782,21810)
(-1492,-1347,7608)
(3678,1991,7093)
(583,1013,4673)
(7263,6563,26756)
(7895,4418,15702)
(363,-23,1345)
(5758,-3601,20844)
(-715,8954,24983)
(1162,1604,4916)
(1631,574,5813)
(4532,-2460,20476)
(663,-3503,19812)
(1951,-1509,20667)
(-5804,-2401,14627)
(-1101,1067,3685)
(-662,7285,21236)
(-2170,632,4359)
(-6329,1341,21272)
(3803,103,12275)
(8863,2026,19378)
(-3114,7275,24823)
(-6114,857,18281)
(-1150,1480,4196)
(11435,3679,22217)
(393,-4279,21658)
(-1886,1288,4327)
(-561,1393,5530)
(-7344,5132,15824)
(-7380,1191,16236)
(4643,3918,12268)
(1517,-1515,12168)
(8696,5981,17475)
(-2030,3337,10896)
(252,462,536)
(2324,-536,4502)
(4389,-4148,21849)
(6440,-1239,14444)
(-3076,-1110,12570)
(-6190,6158,24583)
(-4789,-891,13177)
(6924,7245,27077)
(-1011,4891,14459)
(3787,998,7512)
(-3483,4086,14286)
(1714,-77,5154)
(-1317,-228,14983)
(-3303,-1519,15903)
(3423,-3370,23008)
(246,343,1403)
(-5970,1254,16094)

