olli
59
6
4
5
3
3
4
3
4
4
3
3
2
3
2
2
4
2
2
olli
80
2
4
6
2
6
6
9
2
2
4
9
9
2
3
4
9
6
3
          
999
999
999
999
999
999
999
999
999
999
999
999
999
999
999
999
999
999
999
          
999
999
999
999
999
999
999
999
999
999
999
999
999
999
999
999
999
999
999
          
999
999
999
999
999
999
999
999
999
999
999
999
999
999
999
999
999
999
999
          
999
999
999
999
999
999
999
999
999
999
999
999
999
999
999
999
999
999
999
          
999
999
999
999
999
999
999
999
999
999
999
999
999
999
999
999
999
999
999
          
999
999
999
999
999
999
999
999
999
999
999
999
999
999
999
999
999
999
999
          
999
999
999
999
999
999
999
999
999
999
999
999
999
999
999
999
999
999
999
          
999
999
999
999
999
999
999
999
999
999
999
999
999
999
999
999
999
999
999
