Encke
1974.32
2.79427213
5.83289036
3.3
2.209
.847
.20943951
Temple 2
1972.87
5.41401134
2.0821778
5.26
3.024
.549
.218166157
Schwassmann-Wachmann 2
1974.7
2.15199097
2.19911486
6.51
3.489
.386
.0645771823
Schwassmann-Wachmann 1
1974.12
5.83114503
5.57807229
15.03
6.08700001
.105
.169296937
Halley
1986.112
2.96694541
1.01482798
76.0081
17.9435
.96728
2.83160961
Crommelin
1984.16701
1.50174587
4.36668184
27.89
9.173
.9192
.507944045
Neujmin 1
1966.94
5.8293997
6.05978316
17.93
6.858
.775
.261799388
Schaumase
1960.29
2.4102997
1.50447382
8.18
4.054
.705
.20943951
Haneda-Campos
1978.77
.209718763
2.29859863
5.37
3.066
.64152
.101316363
