1.83
19
1.89
20.7
2.08
23.3
3.02
4
.7
-18.1
3.76
24.1
4.23
19.1
4.57
16.5
5.42
28.6
5.61
21.1
6.35
22.5
6.6
16.4
6.7
25.1
7.55
31.9
7.74
28.1
8.72
18.2
8.75
29.1
8.3
9.5
10.11
12.1
10.31
20
11.21
20.6
11.8
14.7
9.73
23.9
12.69
-1.32
13.01
11.1
13.4
-11.1
13.55
-.5
14.67
-5
14.81
-15.9
15.03
-25.2
15.26
-9.3
15.96
-26.1
15.99
-22.6
16.08
-19.7
16.33
-25.5
16.48
-26.4
16.57
-28.2
16.81
-34.3
17.49
-37.3
17.53
-37.1
17.6
-43
16.22
-3.6
16.6
-10.5
17.15
-15.7
17.58
12.6
18.08
-30.4
18.32
-29.8
18.36
-34.4
18.43
-25.5
18.9
-26.3
19.01
-29.9
19.15
-21.1
20.32
-14.9
20.83
-26.5
21.7
-16.5
21.5
-5.7
22.09
-.4
22.89
-15.9
2
2.5
0
6.8
1.2
24.5
6.71
-16.7
14.21
19.5
18.6
38.7
5.21
-8.2
5.90
7.4
5.39
6.33
5.75
-9.7
19.82
8.8
20.69
45.2
11
56.5
11.01
61.9
11.88
53.8
12.25
57.2
12.89
56.1
13.39
55.0
13.76
49.4
5.51
-0.3
5.59
-1.2
5.67
-1.9
19.08
13.8
19.41
3.1
19.75
10.5
20.18
-0.9
19.5
27.9
19.75
45.1
20.36
40.2
20.75
33.9
18.81
33.3
18.98
32.7
22.69
10.7
22.7
30.1
23.03
28.0
0.1
29.0
0.63
30.75
0.12
59.0
0.65
56.4
0.92
60.6
1.4
60.1
1.88
63.6
13.9
18.5
14.51
38.4
14.73
27.1
15.01
40.5
15.25
33.4
10.26
23.5
11.22
15.5
16.29
-4.65
16.95
9.4
17.35
-25.0
8.75
6.5
8.9
6.0
9.45
-8.6
10.8
-16.1
14.99
-26.5
2.03
+42.2
6.22
22.5
6.36
22.5
6.74
12.9
7.64
5.3
2.21
89.2
14.85
74.2
15.35
71.9
16.1
76
15.9
77.5
16.95
82
17.95
87
6.36
-17.9
6.97
-29.0
7.11
-26.4
4.92
33.1
5.0
43.8
5.25
46.0
5.98
44.96
5.98
37.2
3.05
53.4
3.86
31.83
3.11
40.87
3.39
49.8
3.699
47.72
12.2
-59
12.1
-50
12.4
-57
12.7
-59
12.3
-63
14
-60
14.7
-60
14.7
-65
15.9
-63
15.1
-69
16.9
-69
20.3
-57
1.7
-57
2
-62
.4
-63
6.3
-52
6.8
-51
8.8
-55
9.3
-55
9.2
-59
8.3
-60
9.1
-70
9.8
-65
3.9
-75
12.5
-69
12.6
-68
