Mercury
0.24085
231.2973
77.144212
0.2056306
0.3870986
7.0043579
48.0941733
6.74
1.918E-06
Venus
0.61521
355.73352
131.289579
6.7826E-03
0.7233316
3.394435
76.4997524
16.92
1.721E-05
Earth
0.0
0.0
0.0
0.0
0.0
0.0
0.0
0.0
0.0
Mars
1.88089
126.30783
335.690817
0.0933865
1.5236883
1.8498011
49.4032001
9.36
4.539E-06
Jupiter
11.86224
146.966365
14.0095493
0.0484658
5.202561
1.3041819
100.252018
196.74
1.994E-04
Saturn
29.45771
165.322242
92.6653974
0.0556155
9.55474701
2.4893741
113.488834
165.6
1.74E-04
Uranus
84.01247
228.070855
172.736329
0.0463232
19.21814
0.7729895
73.8768642
65.8
7.768E-05
Neptune
164.79558
260.3579
47.8672148
9.0021E-03
30.10957
1.7716017
131.560649
62.2
7.597E-05
Pluto
250.9
207.439
222.972
0.25387
39.78459
17.137
109.941
8.2
4.073E-06
