-7704
-0601
-2943
-1720
-0542
+2905
+5909
-4545
+4604
-3508
+1511
+2012
-1856
+3841
+3647
-0849
-6453
+0811
+3758
+3835
-7715
-4341
-4218
-3300
-4848
-6257
+6256
+3343
+5354
+3524
+2919
+3052
+5632
-4605
-5728
-1759
+4817
+2416
-7455
+0735
+1656
+5749
+4105
-1039
+6415
-0109
-6932
+6043
+3830
+2325
-2921
+0753
+2128
-4643
-6147
-4129
+5455
-5515
-1011
+8615
+4715
+3537
+5509
+2102
+3005
+0735
+2435
-6853
+0337
+2716
+5814
+4532
-0811
+6014
+6808
+1914
+4524
-4319
-2138
-4904
+1521
+4124
-5714
+4838
+7302
+4035
+0529
+3515
-3220
-0341
+5041
-1556
+0909
-2503
-0544
-1041
-1020
+2935
+1918
+0311
-4618
-4230
+6340
+2048
-6739
-5137
-6134
-2105
+7054
+0246
+5429
+7225
+4220
-2918
+2328
+3459
-3043
+0851
+5104
-5131
+3351
+4723
-0259
-6840
-2349
-7339
-6019
-1217
-4742
+0828
+2940
+6724
-7907
+8916
-1515
+3609
+0536
-5233
+7249
+2158
+0020
-6816
-4253
-5433
-3951
-5048
+0314
+2742
+4418
-1352
+4914
+1007
-1834
+2915
-3224
+2716
+3819
+5554
-2100
+1505
-4953
+5246
-0854
-0343
-4018
-6404
+3511
+2120
+0854
-7154
+0405
-2337
-5944
+5330
+3850
+7925
+4057
+4937
+4451
+1944
-2859
-0112
+2103
-0849
+0322
-2145
-4304
+7744
+2903
+2109
+4952
+6435
+0902
+0944
+4904
+5956
+4931
-6256
+5853
+4760
-0505
+1256
-0927
-2138
-1728
+4812
+0024
-4016
+6313
-3156
-3719
+4747
-0946
-6448
+3217
-0110
+2407
+4235
+2428
+2422
-1206
+2357
-2315
-7414
+2406
-3737
+2403
-3612
+6532
+7120
-2437
+3153
+4001
-1331
-6124
+3547
-2401
+1229
-6210
-0133
+0559
+2205
+5021
+4743
+1937
+2629
-4160
-0650
-4218
-6228
+4825
-0739
+0854
-5129
-5918
-3348
+1538
+1402
+3434
-2038
+6508
-6323
+1733
-0345
-3401
+1727
+2218
+1756
+2249
+1537
+1558
+1911
+1552
-4457
+5355
-2946
+1451
-5503
-3034
+1010
+1631
-0321
+4116
-6205
+1231
-1418
+1548
+1555
-1940
-4152
-3709
+2257
-0315
+5645
+0658
+3729
+0854
+0536
+1850
+1415
-0527
+6621
+0226
+1009
-7456
+1331
+3310
+5345
+0143
+4349
+4105
-7119
+2135
+6027
-3529
-3542
+1524
-4935
-2222
-5728
+4114
-0505
-0845
+0950
-1152
-1612
-1256
+0252
+3829
-6711
-0812
+4560
-3454
-0651
+4006
-5036
-1311
-0023
+7914
-0748
-0224
+0621
+2836
-2046
-4705
+0557
-3528
-7620
-0018
+1836
+3212
-1749
-6229
+0929
+0956
-0523
-0525
-0450
-0555
-0451
-0112
+0917
+2109
-0236
+0407
-3404
-0157
-2227
-6544
+4950
-1449
-5104
-0940
+3911
-5610
-5207
-3546
-2053
+3909
+2737
-6305
+2017
+5542
+0724
-1410
-3517
+0033
-4249
+5417
+4457
+3713
+4556
+0939
+2008
+2316
-1629
-1456
+1446
-6851
-2226
-7445
-5458
+1413
+6543
-0616
+2230
+2930
+1216
-3508
+6919
+5901
-0749
-3004
-3326
-1757
+2231
+0436
-5242
-1132
+4917
-0446
-3235
-0702
+2013
-2325
+0720
-0113
-5259
-2258
-1915
+1624
-4312
-1814
+0954
+2508
+1314
-1643
+1254
+7934
+4335
-3756
+4847
+0225
-6156
-3231
-5337
-5037
-7058
+3358
-2013
+6853
-2411
-1202
-2008
-1703
+5825
-2858
+7659
-2756
+2413
-2350
-1538
+2034
-5645
-2624
-7030
-0414
+3015
+3919
-0030
-4646
+1610
-4438
-2621
-2646
-6757
-3706
+1632
-2457
+2159
-2918
+4040
+0917
+2748
+4913
+0817
+0856
+3147
-4318
+1200
-2218
+3153
-2822
-5232
+2654
-0407
-3458
-2648
+0513
+8701
-0933
-7236
+5843
+2853
-2857
+2424
-3758
+2802
-1434
+1831
+1046
+3731
+3325
-4637
-2556
-4705
-4622
-2452
+0146
-4035
-3852
-4806
+2646
-5259
-2253
-3020
-4915
-6035
-0341
-1824
+7355
-0124
+0220
+2748
-4000
-2418
-6837
+5130
-0259
-1915
-4721
-4720
-1256
-3937
+1739
+6828
-1547
-4021
+0911
-7655
-3640
+2713
-7729
-3303
-5931
+4311
-2403
-0354
-6608
+6043
+1806
+2026
-4259
+0542
+0320
-1229
-3518
-5255
-5946
-4639
+4550
+0324
+2128
-3311
-4239
+1809
-5442
-4603
-1333
+2846
-5646
+0625
+0550
-0327
-2743
-6039
+0557
-8540
-5914
+1151
+4803
+3225
-4115
+4147
-6624
+6738
+4709
-4706
-7236
+3827
+1040
-4326
+5136
+2203
+6708
-5858
-6219
-6943
+4313
+0219
-5732
-5917
+3648
+3424
-2558
-5501
+2611
-0840
-3557
-4028
-5702
+6304
-7305
+2258
+1118
-0111
-6247
+5141
-2107
+3624
-5914
+6950
+5203
-4921
+8120
+0439
-0109
-1420
+0954
+1401
-2746
-6230
+2346
-6504
+1126
+4601
+5902
-1451
+5404
-0806
+2600
-1901
-5434
+4103
-3553
+0803
+3155
-1304
+1646
+3515
+0960
-0022
+1158
-1221
-7002
-4207
+2325
-6120
+4255
-0804
-2860
+1951
-5603
-4139
+4130
-3801
+6534
-7402
+3348
-1650
-3104
-5738
-5844
+3642
-0244
-0038
+5559
+8234
-6141
+0918
-4700
-2345
+7543
+5705
-7836
-5733
-4814
+3159
-5536
-6424
+6905
+2311
-6034
+4612
-5941
-8032
+3041
-4925
+1033
-1612
+3413
-5851
+2445
-3708
+4026
-1818
-4214
+0337
+5623
+2011
+6145
+0720
-2718
-2717
-5858
+4430
-2250
-4906
+2031
+1526
-0339
+3132
+3306
+3811
-1447
-5429
+0602
+1032
-1052
-1741
+0251
+6920
-3151
-6301
-4738
-0948
-0049
-3445
+3412
+6645
-6229
-1821
-6644
+0632
+4747
-6111
+2013
-2645
+1434
-6347
+0146
-4510
-3354
+5342
+1539
-1709
+0637
-6319
-4226
-6310
+0844
-6437
-5040
-5043
-2444
-2237
-5222
+7737
-5845
+5702
-1733
+2357
-6758
-7919
-6400
+4859
-0040
+0319
-6024
+2551
+2606
+3901
+2716
-6306
+2816
+2650
-5014
-3902
+2555
-1631
+5824
-5707
-1612
-7208
+6947
+3315
+4121
-2324
+2238
+1823
-6908
-4832
-0760
-4858
-0127
+1014
-2819
+4526
+0740
-6806
-5941
-3360
+2732
-4857
-4011
+5558
-0932
-5711
-8507
+6526
+0324
+3819
+5622
+1058
-7133
+3548
-4954
+2737
-0532
+1732
+2753
+4009
-6754
-3130
+4034
+0528
-1819
-2310
-3643
-6059
+5456
-1110
+5459
-1242
-1558
+1347
+5957
-2317
-3924
+0340
-0036
+3711
-5328
-0842
-3303
+1727
+4919
-3427
+1548
-4141
-4228
-1808
+6443
-3260
+1824
-4717
-6341
-4206
-2458
-4448
+0133
-4536
-6022
+6423
-7648
-4111
-2641
-3622
+4351
+7733
+2506
-1016
+5147
+1911
-0600
+5122
+4605
+3531
-8100
-1322
+1300
-4603
-5623
-3753
-8007
-3931
+0549
-2448
+5151
-4513
-4523
+1914
-8340
+7542
-2930
-0214
+3022
+3818
-5027
+2945
-4209
-4926
+4424
-6050
+1625
+1344
-4723
-3748
-6459
-0540
+2632
-3510
+2704
+1658
+0154
-5223
-2605
-7903
-2758
-1560
+7409
-1603
+1906
+5918
-4335
-3351
-1125
-0421
+6556
-4308
-4206
-0831
+4023
+0205
-2517
+2657
-4703
+5433
+2452
-4517
-4844
-1947
-5206
-3131
+6721
+0456
+3319
-0923
-5848
-3009
-4753
-6841
+7150
-4039
-3616
-4441
-3652
-5919
+3723
+5858
+1526
+2906
+4050
+7721
-7323
+3122
-1004
+2643
+1032
-4110
-1447
-4424
-6619
-2808
+4021
-4234
-2947
-5222
+3638
-4440
+1940
-1941
+2618
+7748
+0626
+1525
+0721
+1808
+2604
-0326
+0429
-3338
+3539
+2059
+4227
-2010
-1644
-6326
+1540
-2913
+2653
+5445
-1417
-2607
+2555
-4145
-3824
-1632
-2237
+2951
+5834
+4602
-4914
-1122
-1948
-1948
-4510
-3648
-2040
-2052
+1703
+4456
+3629
+7553
-1928
-5438
-0342
-6341
+7545
-0442
-3054
+4619
-5009
-7842
-2410
-2536
+1909
+0102
+6131
-2002
+1402
-2327
-1827
-4733
+6846
-7005
-2626
-2507
+2129
+0159
-1637
-3442
-2128
-7854
+4226
-2813
+5254
-3515
-1034
+4856
+3136
-1745
+3855
-7731
+5647
+8202
-6902
-5902
-1047
-3418
+2439
-3803
-3801
+3142
+1010
-4222
+0923
-5559
-5310
+3056
-0413
+3334
+5428
+1244
+6543
-1543
-4314
+1423
+2450
+3649
-2636
+1803
+3228
-1251
-2107
-2460
-7007
+3709
-5532
-5623
-2411
+0408
-0505
-2952
+5218
+2607
-3718
-6041
-4953
+6808
+5511
+8635
+5510
-3706
+1234
-4630
-3838
+6845
-4260
-1524
-0807
+4600
-4925
-1253
+7209
-3902
+2420
-2141
+0434
-5150
-6443
+2743
-2750
-4008
+0242
+7658
-3703
+5652
+2603
+3715
+5129
+2915
+3011
-0946
+1645
-0341
+0256
+2136
+0118
-2935
+0230
-3025
-5006
+0934
+4328
+2846
-6340
+2049
-4557
-2104
+6424
-5601
-3646
+3604
+7120
+0323
-2950
+7244
-0254
-6130
-0856
+2146
+5848
-3423
-4558
-2525
-4904
-1434
-4219
-0815
+0907
+3847
-0903
-7126
-0817
+3940
+3937
+3736
-2659
+2033
+2640
+7526
+1811
-0445
-0542
-4341
-4326
+3322
+5923
-6211
+7118
+3654
-8736
+2239
-2618
+4357
+0412
-6714
-0551
-2106
-5256
-3706
+3241
+1504
+3209
-0544
-2953
-4206
-2145
+1352
-0453
-3704
-2740
+3606
-4030
-3754
-2101
-3920
+6740
-0756
+3909
-2515
+7321
+2123
+3808
+5322
-1857
+1136
+6543
-1751
-1557
-4428
-4448
-4037
+1157
+0307
+2440
+5144
-0247
+2758
+3427
+6940
+0723
-4806
+5013
-2453
-0117
-0702
+1801
-1618
+4531
+1729
-1607
+3721
+4508
+1037
-1946
+1832
-5622
+7016
+1909
+3255
+0852
-3952
+0100
+2405
-4152
+0624
-2618
+3505
-2710
-1529
+1930
-2612
-3517
-3442
-7255
+2745
-2743
+6752
+1959
-5253
-6611
+7743
+3650
-0049
+5634
+4644
+1512
+2536
+4743
+2749
+2440
-1230
+3802
-1233
-1447
+4015
+0521
+3211
-5644
-1813
-1749
+3022
+6260
-0253
+7457
+1118
+1440
+1436
-4717
-0106
+2112
+1005
+1555
-1808
+3218
+4517
+1504
-5155
-6612
+6150
+5735
+3043
-2516
+3358
+1607
+3629
-0930
-0502
-4359
+4607
-3347
-5137
-2655
-3311
+2706
-0859
+2803
-5827
+4110
+2220
+0418
+4731
-3215
-3838
-1951
-7701
+4356
-5444
-1714
+3845
-2500
-8857
-1122
+1008
+3014
-2737
-7008
+1000
+3803
+0515
+3924
+3454
-3210
+6235
-5327
-4049
+1948
-1650
+0649
-1253
-6522
-2225
+7034
-2148
+4632
+2338
-0534
+4536
+4025
-1928
-0751
+1919
+6205
-1640
+4316
-7723
+7119
+5111
-1852
+5847
+2845
+0953
+1721
+2539
-3302
+6107
+4919
-1608
-3054
+3010
-6938
+2556
-1333
-3722
+5637
-5460
-0209
-5647
+6438
-0019
-3933
-1352
+2521
-4658
-3259
+7220
+3311
+0612
+5812
+5925
+8606
+3943
-2746
+5703
-4121
+3745
-4138
-0747
-6016
-8026
+4632
+1212
-2136
-0123
+5214
+4929
+0123
-6458
-3908
-0001
+5825
-4330
+4742
-4345
+3234
+4307
-1041
+5017
-3221
-2043
-0007
+7339
+5133
-0414
+6335
+3903
+4417
-2703
+1050
-4653
+3013
+4149
-5330
-8123
+2334
+1210
-1937
-1403
-5119
-1336
+6612
+2436
-3909
-3253
-0735
+8421
-1549
-3232
+4944
-2937
+5657
-5245
+4220
-3445
+2805
+0349
+1512
-2345
-4331
+0925
+7523
-2110
-2227
-4515
+0843
-0603
-0905
+0317
-5814
-0911
-3232
-0937
+0523
+2344
-2006
+6217
+2324
-2039
+0115
+0623
-8729
+1246
-3749
-2055
-4237
+4627
-4530
+4316
+7738
-1413
+0538
+4420
-1802
-1749
+0147
-1433
-1817
-1841
+4625
+6748
-0246
-2808
-1855
+1907
+1057
+5730
+2508
-0333
-5245
+0652
-6535
