00016
00020
00023
00037
00053
00084
00092
00094
00103
00117
00132
00146
00146
00171
00183
00194
00201
00206
00211
00240
00258
00262
00263
00279
00314
00315
00330
00369
00370
00374
00386
00393
00405
00413
00434
00436
00447
00473
00486
00487
00490
00491
00498
00501
00507
00530
00550
00567
00568
00572
00586
01029
01057
01061
01073
01078
01083
01084
01086
01087
01095
01097
01111
01115
01117
01137
01137
01158
01178
01195
01201
01223
01240
01258
01259
01267
01277
01284
01296
01313
01315
01368
01377
01380
01385
01406
01414
01421
01421
01427
01437
01441
01454
01456
01460
01496
01515
01531
01535
01536
01536
01544
01544
01546
01549
01560
01588
02000
02020
02020
02023
02034
02039
02045
02072
02095
02129
02130
02136
02165
02173
02193
02193
02218
02225
02229
02249
02259
02270
02282
02282
02291
02317
02318
02321
02321
02359
02374
02380
02388
02395
02396
02398
02407
02407
02426
02433
02434
02441
02441
02442
02449
02451
02479
02491
02500
02506
02507
02510
02515
02539
02543
02564
02566
02583
02588
02591
02592
02597
03023
03023
03024
03036
03048
03052
03061
03082
03091
03095
03116
03121
03128
03149
03158
03194
03195
03199
03203
03203
03212
03243
03247
03248
03272
03280
03291
03294
03294
03299
03306
03306
03309
03329
03338
03363
03365
03369
03371
03422
03422
03428
03429
03432
03442
03443
03445
03449
03452
03452
03458
03461
03463
03468
03472
03475
03486
03492
03495
03495
03504
03537
03541
03579
03580
03587
03590
03599
04007
04009
04015
04032
04047
04066
04087
04092
04108
04108
04119
04140
04144
04149
04153
04155
04160
04165
04179
04198
04200
04204
04206
04207
04219
04229
04237
04240
04241
04254
04255
04263
04263
04286
04286
04287
04308
04320
04335
04338
04340
04356
04357
04359
04363
04367
04368
04382
04382
04392
04393
04404
04406
04421
04422
04455
04480
04498
04499
04506
04512
04514
04525
04529
04540
04543
04549
04552
04564
04570
04573
04585
05020
05025
05027
05031
05034
05044
05044
05046
05050
05055
05055
05065
05078
05091
05093
05123
05129
05132
05133
05134
05138
05145
05167
05175
05176
05191
05194
05196
05218
05226
05239
05245
05251
05263
05282
05302
05308
05312
05319
05320
05322
05327
05327
05336
05348
05351
05353
05354
05354
05354
05357
05362
05369
05376
05387
05392
05396
05408
05445
05448
05459
05470
05473
05478
05492
05498
05509
05510
05513
05515
05533
05541
05544
05548
05552
05564
05575
05588
05591
05595
05595
05597
05599
06024
06039
06041
06050
06062
06076
06087
06090
06102
06103
06119
06128
06149
06149
06154
06164
06165
06188
06196
06197
06203
06221
06227
06230
06238
06240
06242
06249
06280
06282
06288
06290
06319
06329
06336
06350
06351
06367
06377
06378
06379
06410
06439
06440
06451
06453
06462
06467
06474
06477
06479
06482
06498
06499
06499
06515
06528
06535
06537
06541
06542
06556
06561
06573
06586
07001
07017
07024
07030
07038
07041
07043
07084
07088
07102
07111
07117
07119
07126
07134
07135
07143
07148
07168
07171
07181
07187
07201
07241
07241
07256
07257
07267
07271
07282
07291
07292
07298
07341
07346
07354
07357
07359
07373
07374
07388
07393
07405
07412
07418
07430
07433
07438
07444
07453
07453
07459
07461
07463
07467
07475
07475
07481
07483
07492
07493
07517
07522
07526
07533
07535
07568
07569
07577
07582
07596
07597
07599
08002
08012
08023
08035
08036
08075
08079
08085
08086
08090
08095
08095
08113
08114
08122
08128
08133
08140
08165
08185
08186
08201
08206
08214
08225
08228
08251
08257
08257
08303
08316
08327
08376
08377
08388
08400
08401
08403
08406
08406
08410
08432
08433
08436
08444
08447
08447
08460
08464
08467
08467
08468
08484
08494
08505
08550
08554
08567
08570
08585
08592
08595
09001
09006
09024
09025
09036
09042
09052
09065
09077
09080
09089
09094
09104
09110
09113
09132
09138
09144
09162
09171
09188
09211
09215
09221
09247
09276
09292
09307
09312
09315
09316
09317
09319
09320
09322
09329
09332
09342
09344
09345
09348
09368
09371
09385
09399
09403
09411
09437
09442
09452
09459
09471
09476
09486
09510
09515
09521
09525
09528
09549
09569
09577
09589
10002
10010
10051
10073
10074
10079
10079
10084
10106
10137
10147
10167
10171
10171
10176
10181
10200
10209
10223
10223
10235
10241
10244
10259
10261
10272
10274
10279
10279
10295
10303
10306
10311
10320
10328
10329
10340
10351
10352
10355
10356
10373
10387
10393
10430
10431
10434
10435
10435
10451
10458
10459
10468
10493
10496
10533
10535
10556
10567
10595
10598
11002
11006
11018
11023
11037
11050
11053
11060
11086
11097
11117
11125
11141
11142
11167
11182
11185
11191
11193
11210
11211
11239
11246
11249
11279
11314
11330
11358
11359
11367
11369
11402
11410
11425
11435
11448
11456
11459
11460
11465
11480
11488
11491
11497
11507
11511
11529
11538
11557
11560
12009
12030
12037
12043
12052
12069
12081
12084
12084
12101
12117
12122
12151
12154
12158
12163
12176
12183
12184
12198
12199
12203
12214
12225
12243
12258
12264
12266
12269
12270
12280
12284
12289
12299
12300
12312
12321
12325
12335
12336
12337
12344
12349
12351
12372
12377
12392
12415
12417
12419
12440
12451
12456
12463
12477
12507
12517
12531
12534
12540
12544
12546
12550
12555
12556
12560
13007
13022
13023
13057
13069
13072
13099
13100
13119
13137
13152
13169
13175
13176
13184
13189
13206
13226
13239
13252
13252
13267
13275
13284
13285
13297
13310
13341
13347
13348
13399
13416
13457
13473
13475
13494
13495
13495
13496
13499
13514
13518
13547
13555
13576
13583
13585
13587
14016
14017
14038
14044
14053
14060
14064
14067
14079
14088
14104
14129
14135
14157
14160
14162
14164
14180
14182
14191
14193
14194
14203
14206
14224
14230
14242
14248
14252
14261
14262
14265
14269
14275
14282
14282
14318
14321
14326
14347
14355
14379
14388
14396
14407
14411
14419
14420
14425
14431
14434
14437
14450
14452
14462
14470
14477
14479
14503
14507
14507
14509
14514
14514
14516
14557
14568
14572
14576
14585
14592
15010
15019
15029
15041
15044
15051
15063
15073
15088
15119
15122
15123
15146
15146
15152
15155
15170
15175
15178
15185
15189
15207
15214
15218
15227
15232
15234
15245
15249
15258
15278
15309
15314
15315
15329
15342
15347
15348
15351
15355
15362
15367
15370
15378
15381
15387
15388
15394
15412
15416
15419
15427
15441
15443
15462
15464
15487
15496
15496
15508
15510
15512
15513
15527
15533
15538
15551
15565
15569
15576
15578
15582
15588
15595
15595
16001
16003
16003
16014
16019
16028
16032
16044
16054
16054
16065
16066
16068
16074
16081
16088
16090
16108
16120
16135
16143
16154
16175
16183
16195
16197
16198
16203
16206
16212
16219
16221
16240
16241
16254
16256
16270
16272
16280
16285
16294
16302
16302
16309
16311
16314
16321
16335
16341
16359
16362
16364
16372
16387
16413
16416
16429
16431
16453
16460
16487
16498
16498
16502
16518
16519
16523
16530
16540
16546
16577
16586
16596
17003
17011
17016
17053
17054
17088
17104
17122
17146
17150
17150
17153
17203
17207
17208
17210
17220
17221
17237
17253
17254
17264
17265
17266
17274
17304
17307
17308
17311
17318
17320
17322
17322
17323
17336
17349
17357
17365
17369
17373
17376
17378
17395
17404
17414
17419
17425
17434
17434
17435
17441
17457
17465
17476
17476
17479
17494
17499
17535
17554
17563
17566
17578
17585
17590
18001
18005
18006
18015
18018
18050
18055
18058
18066
18073
18075
18075
18086
18088
18112
18138
18139
18171
18176
18199
18208
18209
18210
18211
18213
18232
18237
18237
18239
18242
18270
18280
18288
18292
18335
18352
18365
18369
18423
18430
18435
18443
18444
18448
18457
18457
18461
18464
18470
18472
18475
18488
18496
18501
18512
18522
18544
18545
18547
18547
18553
18553
18562
18570
18571
18577
18585
18587
18589
18596
19000
19017
19026
19031
19047
19054
19062
19064
19069
19073
19083
19095
19098
19100
19126
19127
19138
19155
19155
19162
19164
19171
19176
19178
19207
19217
19217
19226
19232
19239
19250
19255
19287
19297
19307
19307
19318
19324
19341
19352
19364
19367
19367
19369
19401
19407
19408
19410
19425
19443
19450
19463
19464
19474
19480
19482
19490
19506
19508
19518
19525
19535
19553
19553
19558
19563
19569
19579
19588
19590
19597
19599
20006
20011
20027
20028
20052
20074
20087
20089
20094
20113
20134
20136
20143
20153
20155
20158
20168
20176
20178
20181
20210
20222
20232
20239
20256
20273
20289
20294
20296
20296
20315
20332
20353
20375
20376
20383
20385
20391
20396
20400
20410
20414
20435
20440
20450
20453
20453
20457
20461
20462
20467
20474
20477
20477
20485
20489
20500
20515
20518
20520
20521
20527
20546
20548
20572
20583
20591
20598
21013
21030
21044
21047
21049
21052
21059
21069
21071
21087
21096
21103
21129
21133
21133
21145
21148
21158
21174
21179
21179
21186
21199
21208
21221
21222
21229
21242
21264
21267
21287
21287
21294
21299
21316
21340
21369
21371
21378
21378
21379
21401
21402
21415
21419
21421
21427
21435
21441
21442
21445
21446
21449
21454
21468
21470
21477
21498
21508
21531
21533
21539
21549
21579
22033
22034
22038
22058
22061
22064
22070
22082
22084
22098
22100
22102
22109
22115
22132
22139
22143
22150
22156
22160
22164
22168
22185
22200
22210
22215
22216
22217
22236
22245
22253
22273
22287
22288
22292
22293
22295
22298
22300
22305
22306
22313
22315
22347
22354
22358
22374
22378
22386
22393
22405
22407
22415
22427
22430
22441
22456
22461
22465
22467
22475
22477
22486
22496
22497
22500
22510
22525
22526
22544
22546
22559
22564
22576
23001
23009
23019
23035
23038
23039
23048
23067
23069
23070
23079
23094
23099
23104
23117
23143
23159
23172
23174
23179
23188
23190
23203
23206
23230
23248
23254
23260
23269
23280
23281
23292
23330
23333
23351
23376
23378
23381
23393
23398
23399
23404
23416
23418
23420
23427
23442
23460
23460
23479
23479
23489
23514
23525
23526
23544
23578
23587
23589
23593
23599
