cntcol LDV running on image 1424x1001, 32 bitplanes:
-------|--------------------
| Line | # unique colors |
|     0|                2|
|     1|                2|
|     2|                2|
|     3|                2|
|     4|                2|
|     5|                2|
|     6|                2|
|     7|                2|
|     8|                2|
|     9|                2|
|    10|                2|
|    11|                2|
|    12|              924|
|    13|              944|
|    14|              967|
|    15|              964|
|    16|              965|
|    17|              979|
|    18|              982|
|    19|             1003|
|    20|              991|
|    21|             1013|
|    22|             1010|
|    23|             1018|
|    24|             1010|
|    25|             1000|
|    26|             1010|
|    27|             1001|
|    28|             1011|
|    29|             1013|
|    30|             1006|
|    31|             1035|
|    32|             1028|
|    33|             1042|
|    34|             1022|
|    35|             1029|
|    36|             1029|
|    37|             1020|
|    38|             1026|
|    39|             1043|
|    40|             1028|
|    41|             1035|
|    42|             1032|
|    43|             1058|
|    44|             1066|
|    45|             1070|
|    46|             1063|
|    47|             1097|
|    48|             1072|
|    49|             1103|
|    50|             1124|
|    51|             1113|
|    52|             1082|
|    53|             1112|
|    54|             1126|
|    55|             1111|
|    56|             1103|
|    57|             1114|
|    58|             1113|
|    59|             1144|
|    60|             1131|
|    61|             1145|
|    62|             1155|
|    63|             1141|
|    64|             1141|
|    65|             1147|
|    66|             1138|
|    67|             1143|
|    68|             1149|
|    69|             1134|
|    70|             1132|
|    71|             1143|
|    72|             1138|
|    73|             1157|
|    74|             1135|
|    75|             1143|
|    76|             1124|
|    77|             1135|
|    78|             1129|
|    79|             1139|
|    80|             1125|
|    81|             1119|
|    82|             1121|
|    83|             1103|
|    84|             1131|
|    85|             1130|
|    86|             1107|
|    87|             1131|
|    88|             1121|
|    89|             1136|
|    90|             1133|
|    91|             1124|
|    92|             1128|
|    93|             1127|
|    94|             1133|
|    95|             1130|
|    96|             1138|
|    97|             1137|
|    98|             1128|
|    99|             1110|
|   100|             1103|
|   101|             1112|
|   102|             1101|
|   103|             1086|
|   104|             1074|
|   105|             1073|
|   106|             1085|
|   107|             1079|
|   108|             1064|
|   109|             1073|
|   110|             1069|
|   111|             1065|
|   112|             1087|
|   113|             1074|
|   114|             1086|
|   115|             1098|
|   116|             1055|
|   117|             1068|
|   118|             1073|
|   119|             1079|
|   120|             1081|
|   121|             1071|
|   122|             1069|
|   123|             1092|
|   124|             1075|
|   125|             1079|
|   126|             1073|
|   127|             1074|
|   128|             1093|
|   129|             1064|
|   130|             1065|
|   131|             1060|
|   132|             1049|
|   133|             1032|
|   134|             1033|
|   135|             1023|
|   136|             1027|
|   137|             1002|
|   138|             1035|
|   139|             1033|
|   140|             1031|
|   141|             1046|
|   142|             1041|
|   143|             1049|
|   144|             1038|
|   145|             1045|
|   146|             1058|
|   147|             1048|
|   148|             1031|
|   149|             1065|
|   150|             1038|
|   151|             1043|
|   152|             1024|
|   153|             1046|
|   154|             1037|
|   155|             1024|
|   156|             1048|
|   157|             1026|
|   158|             1019|
|   159|             1042|
|   160|             1014|
|   161|             1042|
|   162|             1012|
|   163|             1014|
|   164|             1027|
|   165|             1036|
|   166|             1033|
|   167|             1056|
|   168|             1042|
|   169|             1035|
|   170|             1037|
|   171|             1044|
|   172|             1044|
|   173|             1048|
|   174|             1021|
|   175|             1033|
|   176|             1031|
|   177|             1035|
|   178|             1041|
|   179|             1016|
|   180|             1032|
|   181|             1059|
|   182|             1039|
|   183|             1070|
|   184|             1069|
|   185|             1094|
|   186|             1085|
|   187|             1092|
|   188|             1091|
|   189|             1092|
|   190|             1093|
|   191|             1071|
|   192|             1077|
|   193|             1066|
|   194|             1088|
|   195|             1072|
|   196|             1061|
|   197|             1050|
|   198|             1047|
|   199|             1056|
|   200|             1072|
|   201|             1072|
|   202|             1085|
|   203|             1098|
|   204|             1071|
|   205|             1062|
|   206|             1054|
|   207|             1075|
|   208|             1060|
|   209|             1053|
|   210|             1067|
|   211|             1084|
|   212|             1087|
|   213|             1089|
|   214|             1075|
|   215|             1094|
|   216|             1063|
|   217|             1083|
|   218|             1070|
|   219|             1091|
|   220|             1097|
|   221|             1101|
|   222|             1085|
|   223|             1106|
|   224|             1103|
|   225|             1097|
|   226|             1104|
|   227|             1112|
|   228|             1093|
|   229|             1128|
|   230|             1121|
|   231|             1126|
|   232|             1128|
|   233|             1106|
|   234|             1119|
|   235|             1094|
|   236|             1128|
|   237|             1111|
|   238|             1099|
|   239|             1101|
|   240|             1108|
|   241|             1086|
|   242|             1051|
|   243|             1081|
|   244|             1099|
|   245|             1077|
|   246|             1066|
|   247|             1083|
|   248|             1060|
|   249|             1047|
|   250|             1053|
|   251|             1040|
|   252|             1029|
|   253|             1000|
|   254|             1037|
|   255|             1034|
|   256|             1054|
|   257|             1060|
|   258|             1017|
|   259|             1013|
|   260|             1055|
|   261|             1030|
|   262|             1040|
|   263|             1054|
|   264|             1046|
|   265|             1045|
|   266|             1032|
|   267|             1035|
|   268|             1042|
|   269|             1022|
|   270|             1014|
|   271|             1022|
|   272|             1048|
|   273|             1034|
|   274|             1023|
|   275|             1029|
|   276|             1054|
|   277|             1059|
|   278|             1027|
|   279|             1044|
|   280|             1062|
|   281|             1054|
|   282|             1054|
|   283|             1043|
|   284|             1064|
|   285|             1046|
|   286|             1045|
|   287|             1061|
|   288|             1056|
|   289|             1060|
|   290|             1075|
|   291|             1069|
|   292|             1091|
|   293|             1088|
|   294|             1101|
|   295|             1099|
|   296|             1102|
|   297|             1084|
|   298|             1097|
|   299|             1081|
|   300|             1085|
|   301|             1088|
|   302|             1072|
|   303|             1091|
|   304|             1073|
|   305|             1042|
|   306|             1045|
|   307|             1072|
|   308|             1043|
|   309|             1040|
|   310|             1023|
|   311|             1018|
|   312|             1036|
|   313|             1032|
|   314|             1005|
|   315|             1038|
|   316|              993|
|   317|             1023|
|   318|             1002|
|   319|             1023|
|   320|             1018|
|   321|              985|
|   322|              985|
|   323|              978|
|   324|              984|
|   325|              972|
|   326|             1006|
|   327|             1015|
|   328|              996|
|   329|              982|
|   330|             1017|
|   331|             1010|
|   332|              985|
|   333|              996|
|   334|              993|
|   335|             1011|
|   336|              980|
|   337|             1006|
|   338|              984|
|   339|              993|
|   340|              971|
|   341|              946|
|   342|              971|
|   343|              940|
|   344|              989|
|   345|              977|
|   346|             1012|
|   347|              996|
|   348|              988|
|   349|              989|
|   350|             1006|
|   351|             1008|
|   352|             1027|
|   353|             1056|
|   354|             1059|
|   355|             1046|
|   356|             1064|
|   357|             1081|
|   358|             1093|
|   359|             1074|
|   360|             1081|
|   361|             1085|
|   362|             1100|
|   363|             1120|
|   364|             1120|
|   365|             1114|
|   366|             1126|
|   367|             1119|
|   368|             1110|
|   369|             1151|
|   370|             1131|
|   371|             1144|
|   372|             1114|
|   373|             1147|
|   374|             1133|
|   375|             1111|
|   376|             1112|
|   377|             1106|
|   378|             1098|
|   379|             1093|
|   380|             1127|
|   381|             1123|
|   382|             1124|
|   383|             1102|
|   384|             1122|
|   385|             1100|
|   386|             1104|
|   387|             1106|
|   388|             1122|
|   389|             1121|
|   390|             1131|
|   391|             1125|
|   392|             1136|
|   393|             1127|
|   394|             1120|
|   395|             1142|
|   396|             1129|
|   397|             1131|
|   398|             1125|
|   399|             1137|
|   400|             1138|
|   401|             1129|
|   402|             1136|
|   403|             1126|
|   404|             1142|
|   405|             1124|
|   406|             1141|
|   407|             1128|
|   408|             1157|
|   409|             1148|
|   410|             1152|
|   411|             1119|
|   412|             1118|
|   413|             1121|
|   414|             1114|
|   415|             1130|
|   416|             1135|
|   417|             1107|
|   418|             1115|
|   419|             1111|
|   420|             1104|
|   421|             1109|
|   422|             1112|
|   423|             1111|
|   424|             1104|
|   425|             1119|
|   426|             1129|
|   427|             1135|
|   428|             1113|
|   429|             1122|
|   430|             1108|
|   431|             1075|
|   432|             1123|
|   433|             1100|
|   434|             1109|
|   435|             1098|
|   436|             1106|
|   437|             1115|
|   438|             1132|
|   439|             1126|
|   440|             1132|
|   441|             1141|
|   442|             1112|
|   443|             1141|
|   444|             1122|
|   445|             1121|
|   446|             1107|
|   447|             1111|
|   448|             1138|
|   449|             1114|
|   450|             1083|
|   451|             1098|
|   452|             1117|
|   453|             1089|
|   454|             1097|
|   455|             1109|
|   456|             1102|
|   457|             1097|
|   458|             1081|
|   459|             1083|
|   460|             1094|
|   461|             1079|
|   462|             1107|
|   463|             1114|
|   464|             1116|
|   465|             1140|
|   466|             1129|
|   467|             1117|
|   468|             1121|
|   469|             1115|
|   470|             1105|
|   471|             1092|
|   472|             1075|
|   473|             1066|
|   474|             1069|
|   475|             1090|
|   476|             1084|
|   477|             1063|
|   478|             1077|
|   479|             1085|
|   480|             1079|
|   481|             1081|
|   482|             1108|
|   483|             1087|
|   484|             1081|
|   485|             1070|
|   486|             1068|
|   487|             1077|
|   488|             1084|
|   489|             1094|
|   490|             1092|
|   491|             1062|
|   492|             1058|
|   493|             1070|
|   494|             1060|
|   495|             1045|
|   496|             1062|
|   497|             1049|
|   498|             1048|
|   499|             1070|
|   500|             1043|
|   501|             1043|
|   502|             1044|
|   503|             1028|
|   504|             1048|
|   505|             1044|
|   506|             1016|
|   507|             1001|
|   508|             1046|
|   509|             1034|
|   510|             1053|
|   511|             1065|
|   512|             1052|
|   513|             1077|
|   514|             1088|
|   515|             1075|
|   516|             1093|
|   517|             1081|
|   518|             1085|
|   519|             1073|
|   520|             1058|
|   521|             1053|
|   522|             1052|
|   523|             1036|
|   524|             1034|
|   525|             1059|
|   526|             1028|
|   527|             1053|
|   528|             1017|
|   529|             1057|
|   530|             1015|
|   531|             1034|
|   532|             1035|
|   533|             1042|
|   534|             1043|
|   535|             1064|
|   536|             1065|
|   537|             1066|
|   538|             1081|
|   539|             1075|
|   540|             1077|
|   541|             1092|
|   542|             1081|
|   543|             1085|
|   544|             1076|
|   545|             1083|
|   546|             1104|
|   547|             1111|
|   548|             1096|
|   549|             1100|
|   550|             1092|
|   551|             1088|
|   552|             1099|
|   553|             1086|
|   554|             1093|
|   555|             1097|
|   556|             1099|
|   557|             1085|
|   558|             1071|
|   559|             1063|
|   560|             1091|
|   561|             1087|
|   562|             1062|
|   563|             1095|
|   564|             1069|
|   565|             1079|
|   566|             1045|
|   567|             1023|
|   568|             1035|
|   569|             1033|
|   570|             1042|
|   571|             1046|
|   572|             1060|
|   573|             1054|
|   574|             1076|
|   575|             1031|
|   576|             1029|
|   577|             1038|
|   578|             1035|
|   579|             1030|
|   580|             1014|
|   581|             1034|
|   582|             1026|
|   583|             1007|
|   584|             1011|
|   585|             1007|
|   586|              956|
|   587|              997|
|   588|              995|
|   589|              976|
|   590|              986|
|   591|              990|
|   592|              986|
|   593|              981|
|   594|             1022|
|   595|             1026|
|   596|             1023|
|   597|             1026|
|   598|             1039|
|   599|             1056|
|   600|             1060|
|   601|             1066|
|   602|             1080|
|   603|             1080|
|   604|             1091|
|   605|             1093|
|   606|             1117|
|   607|             1099|
|   608|             1112|
|   609|             1100|
|   610|             1100|
|   611|             1083|
|   612|             1094|
|   613|             1095|
|   614|             1102|
|   615|             1090|
|   616|             1105|
|   617|             1109|
|   618|             1093|
|   619|             1104|
|   620|             1106|
|   621|             1090|
|   622|             1081|
|   623|             1050|
|   624|             1085|
|   625|             1069|
|   626|             1064|
|   627|             1075|
|   628|             1095|
|   629|             1051|
|   630|             1101|
|   631|             1102|
|   632|             1104|
|   633|             1097|
|   634|             1088|
|   635|             1106|
|   636|             1091|
|   637|             1072|
|   638|             1107|
|   639|             1074|
|   640|             1081|
|   641|             1090|
|   642|             1107|
|   643|             1111|
|   644|             1123|
|   645|             1105|
|   646|             1104|
|   647|             1113|
|   648|             1109|
|   649|             1115|
|   650|             1096|
|   651|             1114|
|   652|             1089|
|   653|             1091|
|   654|             1117|
|   655|             1103|
|   656|             1098|
|   657|             1076|
|   658|             1050|
|   659|             1061|
|   660|             1055|
|   661|             1040|
|   662|             1018|
|   663|             1013|
|   664|              970|
|   665|              990|
|   666|              966|
|   667|              941|
|   668|              961|
|   669|              946|
|   670|              983|
|   671|              979|
|   672|              971|
|   673|              952|
|   674|              949|
|   675|              951|
|   676|              921|
|   677|              910|
|   678|              906|
|   679|              930|
|   680|              932|
|   681|              960|
|   682|              928|
|   683|              942|
|   684|              953|
|   685|              944|
|   686|              939|
|   687|              960|
|   688|              938|
|   689|              940|
|   690|              968|
|   691|              953|
|   692|              949|
|   693|              954|
|   694|              978|
|   695|              970|
|   696|              963|
|   697|              966|
|   698|              970|
|   699|              973|
|   700|              983|
|   701|              953|
|   702|             1007|
|   703|              989|
|   704|             1004|
|   705|              988|
|   706|              970|
|   707|              957|
|   708|              924|
|   709|              952|
|   710|              948|
|   711|              937|
|   712|              950|
|   713|              924|
|   714|              922|
|   715|              886|
|   716|              915|
|   717|              893|
|   718|              896|
|   719|              890|
|   720|              861|
|   721|              854|
|   722|              868|
|   723|              887|
|   724|              887|
|   725|              902|
|   726|              903|
|   727|              898|
|   728|              920|
|   729|              913|
|   730|              907|
|   731|              951|
|   732|              956|
|   733|              941|
|   734|              960|
|   735|              978|
|   736|              972|
|   737|              971|
|   738|              982|
|   739|              972|
|   740|              972|
|   741|              988|
|   742|              981|
|   743|              996|
|   744|             1003|
|   745|              980|
|   746|              979|
|   747|             1003|
|   748|             1007|
|   749|              990|
|   750|             1004|
|   751|             1024|
|   752|             1031|
|   753|             1038|
|   754|             1044|
|   755|             1036|
|   756|             1026|
|   757|             1043|
|   758|             1050|
|   759|             1038|
|   760|             1029|
|   761|             1023|
|   762|             1042|
|   763|             1026|
|   764|             1033|
|   765|             1000|
|   766|             1007|
|   767|              999|
|   768|              993|
|   769|              981|
|   770|              976|
|   771|              968|
|   772|              974|
|   773|              949|
|   774|              956|
|   775|              931|
|   776|              940|
|   777|              910|
|   778|              912|
|   779|              926|
|   780|              927|
|   781|              907|
|   782|              907|
|   783|              917|
|   784|              881|
|   785|              882|
|   786|              857|
|   787|              877|
|   788|              879|
|   789|              860|
|   790|              855|
|   791|              862|
|   792|              890|
|   793|              895|
|   794|              907|
|   795|              918|
|   796|              948|
|   797|              954|
|   798|              949|
|   799|              934|
|   800|              928|
|   801|              935|
|   802|              922|
|   803|              911|
|   804|              926|
|   805|              916|
|   806|              930|
|   807|              922|
|   808|              909|
|   809|              907|
|   810|              890|
|   811|              888|
|   812|              865|
|   813|              874|
|   814|              874|
|   815|              832|
|   816|              818|
|   817|              826|
|   818|              846|
|   819|              851|
|   820|              826|
|   821|              840|
|   822|              856|
|   823|              859|
|   824|              857|
|   825|              872|
|   826|              869|
|   827|              867|
|   828|              902|
|   829|              898|
|   830|              912|
|   831|              921|
|   832|              928|
|   833|              914|
|   834|              909|
|   835|              907|
|   836|              904|
|   837|              908|
|   838|              902|
|   839|              898|
|   840|              901|
|   841|              916|
|   842|              923|
|   843|              907|
|   844|              921|
|   845|              909|
|   846|              953|
|   847|              934|
|   848|              952|
|   849|              953|
|   850|              927|
|   851|              938|
|   852|              961|
|   853|              935|
|   854|              939|
|   855|              935|
|   856|              963|
|   857|              966|
|   858|              983|
|   859|              978|
|   860|              964|
|   861|              965|
|   862|              926|
|   863|              927|
|   864|              958|
|   865|              935|
|   866|              928|
|   867|              970|
|   868|              971|
|   869|              953|
|   870|              946|
|   871|              939|
|   872|              920|
|   873|              906|
|   874|              920|
|   875|              913|
|   876|              917|
|   877|              923|
|   878|              928|
|   879|              896|
|   880|              876|
|   881|              927|
|   882|              931|
|   883|              938|
|   884|              957|
|   885|              915|
|   886|              941|
|   887|              929|
|   888|              925|
|   889|              929|
|   890|              930|
|   891|              909|
|   892|              914|
|   893|              895|
|   894|              887|
|   895|              906|
|   896|              906|
|   897|              902|
|   898|              909|
|   899|              874|
|   900|              893|
|   901|              881|
|   902|              881|
|   903|              866|
|   904|              887|
|   905|              872|
|   906|              877|
|   907|              908|
|   908|              901|
|   909|              917|
|   910|              920|
|   911|              960|
|   912|              942|
|   913|              970|
|   914|              987|
|   915|             1012|
|   916|             1002|
|   917|             1017|
|   918|             1004|
|   919|             1013|
|   920|             1032|
|   921|             1038|
|   922|             1035|
|   923|             1067|
|   924|             1071|
|   925|             1066|
|   926|             1072|
|   927|             1061|
|   928|             1065|
|   929|             1086|
|   930|             1081|
|   931|             1091|
|   932|             1083|
|   933|             1054|
|   934|             1059|
|   935|             1051|
|   936|             1043|
|   937|             1058|
|   938|             1038|
|   939|             1042|
|   940|             1038|
|   941|             1028|
|   942|             1015|
|   943|              990|
|   944|              996|
|   945|              979|
|   946|              993|
|   947|              989|
|   948|              991|
|   949|              980|
|   950|              962|
|   951|              988|
|   952|             1000|
|   953|              992|
|   954|             1015|
|   955|             1007|
|   956|             1002|
|   957|             1004|
|   958|             1020|
|   959|             1001|
|   960|             1037|
|   961|             1019|
|   962|             1042|
|   963|             1011|
|   964|             1009|
|   965|             1038|
|   966|             1020|
|   967|             1009|
|   968|              998|
|   969|              981|
|   970|              976|
|   971|              971|
|   972|              928|
|   973|              931|
|   974|              937|
|   975|              923|
|   976|              943|
|   977|              933|
|   978|              923|
|   979|              933|
|   980|              927|
|   981|              926|
|   982|              939|
|   983|              926|
|   984|              905|
|   985|              940|
|   986|              948|
|   987|              950|
|   988|              981|
|   989|                2|
|   990|                2|
|   991|                2|
|   992|                2|
|   993|                2|
|   994|                2|
|   995|                2|
|   996|                2|
|   997|                2|
|   998|                2|
|   999|                2|
|  1000|                2|
-------|------------------
|Total |           130851|
-------|------------------
RAM used: 2053 KB
Computation time: 2140 ms
