11 23 2018 1 7 13 14 22 42 48 47
11 16 2018 11 17 24 34 41 42 48 21
11 9 2018 2 12 31 34 39 48 49 1
11 2 2018 9 10 16 23 24 39 49 7
10 26 2018 2 3 4 8 9 20 30 45
10 19 2018 10 15 16 17 19 27 38 9
10 12 2018 18 31 38 45 46 47 48 16
10 5 2018 8 9 12 20 22 27 30 28
09 28 2018 25 28 31 36 42 44 49 37
09 21 2018 3 9 15 16 19 45 48 42
09 14 2018 1 3 5 10 16 27 43 14
09 7 2018 3 12 21 34 37 38 41 22
08 31 2018 2 4 18 19 20 39 44 11
08 24 2018 3 5 7 11 13 20 29 30
08 17 2018 12 17 22 27 28 29 35 43
08 10 2018 2 9 18 33 36 40 49 38
08 3 2018 9 11 23 33 35 36 42 6
07 27 2018 8 11 14 17 26 30 36 48
07 20 2018 6 8 12 19 20 25 49 18
07 13 2018 1 4 5 22 25 32 34 27
07 6 2018 1 11 20 32 41 42 44 47
06 29 2018 3 5 17 23 28 43 46 29
06 22 2018 3 10 16 28 31 38 47 20
06 15 2018 18 23 28 37 44 45 47 9
06 8 2018 12 25 27 29 34 44 45 7
06 1 2018 2 11 17 18 22 25 39 3
05 25 2018 7 10 13 19 24 31 41 1
05 18 2018 4 13 23 30 31 37 43 32
05 11 2018 11 22 28 33 39 43 47 23
05 4 2018 1 11 15 16 20 29 39 32
04 27 2018 8 9 11 17 37 39 41 19
04 20 2018 6 14 16 22 30 42 45 35
04 13 2018 1 8 9 22 29 30 32 17
04 6 2018 7 18 29 30 41 45 46 40
03 30 2018 1 12 18 19 21 24 41 15
03 23 2018 7 12 15 23 35 43 49 19
03 16 2018 13 24 29 31 35 36 42 37
03 9 2018 13 18 20 26 32 35 47 12
03 2 2018 7 25 26 28 32 36 37 2
02 23 2018 13 17 24 32 33 44 45 48
02 16 2018 5 14 22 23 35 40 49 43
02 9 2018 6 19 24 25 36 37 39 17
02 2 2018 3 8 9 24 28 31 44 32
01 26 2018 7 8 13 19 23 32 40 9
01 19 2018 9 18 25 30 39 40 43 5
01 12 2018 1 8 16 19 26 34 41 10
01 5 2018 1 3 13 15 28 36 49 14
12 29 2017 22 23 26 35 37 39 47 14
12 22 2017 13 16 19 21 24 26 30 36
12 15 2017 8 14 17 27 28 30 48 37
12 8 2017 1 17 31 33 39 46 49 42
12 1 2017 26 28 33 38 42 43 47 16
11 24 2017 5 11 20 22 35 38 46 45
11 17 2017 3 15 22 23 33 47 49 6
11 10 2017 5 12 18 26 29 31 37 40
11 3 2017 16 17 18 20 40 42 43 15
10 27 2017 1 14 15 16 24 39 49 5
10 20 2017 1 4 12 27 35 38 46 8
10 13 2017 8 14 16 17 18 34 41 43
10 6 2017 10 17 25 27 29 34 38 48
09 29 2017 1 6 14 23 38 40 47 25
09 22 2017 2 10 37 38 39 43 47 28
09 15 2017 15 20 24 30 39 44 46 22
09 8 2017 1 2 15 16 22 29 41 27
09 1 2017 1 7 18 28 31 39 48 35
08 25 2017 18 19 23 34 39 43 46 1
08 18 2017 2 9 13 16 25 26 45 19
08 11 2017 13 14 19 26 27 36 37 18
08 4 2017 1 4 11 17 27 36 37 47
07 28 2017 9 12 16 24 33 45 47 14
07 21 2017 2 11 12 25 33 39 44 8
07 14 2017 2 4 11 17 26 41 42 44
07 7 2017 4 8 13 16 26 33 38 10
06 30 2017 7 24 26 36 37 43 44 3
06 23 2017 2 3 6 22 24 42 46 27
06 16 2017 1 5 20 33 34 41 42 15
06 9 2017 7 11 20 21 22 37 47 38
06 2 2017 11 12 25 28 33 41 43 36
05 26 2017 14 16 18 21 38 44 49 15
05 19 2017 8 11 18 25 34 35 38 44
05 12 2017 11 25 26 28 38 44 45 20
05 5 2017 11 14 20 22 26 35 43 33
04 28 2017 10 14 22 36 38 44 45 11
04 21 2017 3 4 13 16 35 47 49 37
04 14 2017 23 25 29 30 42 44 45 20
04 7 2017 8 12 14 34 37 44 48 45
03 31 2017 1 2 12 15 22 25 41 34
03 24 2017 16 19 21 32 37 39 45 26
03 17 2017 2 5 6 7 8 33 45 15
03 10 2017 1 11 15 20 36 41 47 33
03 3 2017 3 7 20 25 29 31 44 27
02 24 2017 1 17 19 23 28 29 47 10
02 17 2017 5 9 14 24 33 37 46 38
02 10 2017 11 16 19 22 24 38 41 48
02 3 2017 8 19 24 28 34 42 48 17
01 27 2017 1 3 8 22 29 38 47 11
01 20 2017 4 10 21 28 29 37 45 20
01 13 2017 2 8 24 30 31 38 40 42
01 6 2017 10 13 18 19 38 47 48 42
12 30 2016 5 10 14 19 31 33 47 27
12 23 2016 1 5 11 26 28 30 41 49
12 16 2016 2 9 27 32 38 39 43 45
12 9 2016 11 17 24 26 34 35 39 16
12 2 2016 5 8 20 21 29 40 47 7
11 25 2016 2 11 20 22 31 35 47 39
11 18 2016 7 10 21 24 38 40 49 3
11 11 2016 8 14 18 20 24 39 46 23
11 4 2016 4 23 29 36 39 44 46 24
10 28 2016 3 5 19 29 33 34 44 41
10 21 2016 33 34 36 42 44 45 47 14
10 14 2016 14 18 22 25 36 39 44 34
10 7 2016 8 9 12 24 29 36 37 17
09 30 2016 4 12 17 21 32 38 42 46
09 23 2016 3 13 24 36 39 44 45 19
09 16 2016 7 12 14 15 27 34 44 6
09 9 2016 4 10 11 27 29 32 41 42
09 2 2016 1 12 15 22 25 45 48 16
08 26 2016 3 10 17 19 26 27 42 46
08 19 2016 19 22 25 32 37 45 47 40
08 12 2016 5 7 15 18 19 27 28 25
08 5 2016 4 6 10 20 40 46 47 39
07 29 2016 11 15 25 26 39 47 49 30
07 22 2016 9 26 28 32 37 40 45 46
07 15 2016 19 30 31 36 40 44 49 6
07 8 2016 1 8 16 25 30 42 48 28
07 1 2016 10 12 14 28 36 39 45 26
06 24 2016 2 17 22 24 26 42 48 6
06 17 2016 1 16 20 29 33 44 46 15
06 10 2016 5 11 15 26 27 33 39 46
06 3 2016 12 21 28 37 40 43 47 11
05 27 2016 1 14 16 20 26 32 34 18
05 20 2016 16 17 19 22 31 47 49 1
05 13 2016 3 6 8 17 21 28 34 2
05 6 2016 1 8 10 24 26 37 45 47
04 29 2016 11 21 22 24 26 36 43 10
04 22 2016 13 16 20 35 37 43 49 6
04 15 2016 1 9 17 19 25 27 38 44
04 8 2016 9 12 13 14 28 39 41 38
04 1 2016 5 6 27 28 31 41 45 12
03 25 2016 1 6 15 32 42 45 46 44
03 18 2016 6 8 15 24 26 39 44 40
03 11 2016 9 17 27 30 31 34 42 21
03 4 2016 4 14 24 41 42 44 48 26
02 26 2016 6 9 22 23 36 38 47 12
02 19 2016 2 11 20 22 33 40 43 4
02 12 2016 19 20 26 31 34 39 48 18
02 5 2016 6 7 8 9 17 23 30 18
01 29 2016 5 11 14 17 28 41 47 46
01 22 2016 20 21 22 34 42 43 45 1
01 15 2016 7 26 27 31 32 33 42 45
01 8 2016 13 15 21 24 25 36 48 10
01 1 2016 6 10 13 14 25 41 46 8
12 25 2015 5 8 9 12 22 39 45 38
12 18 2015 6 20 28 29 30 31 46 45
12 11 2015 7 12 28 34 45 46 48 49
12 4 2015 8 15 24 25 27 36 43 32
11 27 2015 4 8 9 20 23 45 46 31
11 20 2015 12 21 28 34 36 45 48 26
11 13 2015 7 11 19 38 40 41 42 49
11 6 2015 1 10 12 20 29 35 47 4
10 30 2015 2 11 19 38 43 45 49 9
10 23 2015 2 7 12 28 29 38 48 27
10 16 2015 9 14 19 21 31 32 40 16
10 9 2015 8 11 14 23 26 42 47 1
10 2 2015 10 12 24 26 34 43 47 38
09 25 2015 1 7 15 18 21 30 45 22
09 18 2015 13 16 17 21 35 40 46 18
09 11 2015 21 22 27 30 39 42 44 8
09 4 2015 7 8 15 19 36 37 41 43
08 28 2015 2 4 5 17 29 39 41 48
08 21 2015 3 13 15 22 33 41 49 11
08 14 2015 1 15 17 25 34 40 41 38
08 7 2015 5 13 20 37 39 40 41 28
07 31 2015 2 5 27 32 35 42 46 48
07 24 2015 2 4 11 19 28 29 38 42
07 17 2015 23 24 29 36 42 43 49 38
07 10 2015 12 14 23 25 31 38 40 36
07 3 2015 1 6 30 40 46 47 49 37
06 26 2015 2 4 16 23 30 32 46 38
06 19 2015 7 14 15 16 21 30 41 17
06 12 2015 4 7 11 19 34 38 48 45
06 5 2015 2 10 13 16 30 33 48 44
05 29 2015 1 30 38 39 44 45 47 43
05 22 2015 1 4 21 24 29 30 46 25
05 15 2015 16 23 24 25 40 46 47 17
05 8 2015 1 7 17 27 32 44 48 18
05 1 2015 6 18 20 37 40 44 46 49
04 24 2015 3 37 38 40 42 43 46 12
04 17 2015 7 11 14 15 19 30 41 22
04 10 2015 7 8 16 18 24 25 46 37
04 3 2015 10 11 23 28 32 34 41 29
03 27 2015 3 7 15 23 29 31 45 46
03 20 2015 7 10 16 35 36 42 45 24
03 13 2015 2 8 10 15 17 20 24 14
03 6 2015 2 8 9 10 24 26 41 37
02 27 2015 4 12 16 27 37 39 44 32
02 20 2015 26 34 38 41 46 48 49 10
02 13 2015 6 9 18 22 25 32 44 46
02 6 2015 1 5 7 13 14 33 46 47
01 30 2015 10 15 21 28 32 36 37 9
01 23 2015 1 14 15 18 26 42 48 39
01 16 2015 6 29 30 31 36 42 45 32
01 9 2015 3 7 12 18 31 33 35 26
01 2 2015 8 9 14 19 28 31 46 48
12 26 2014 15 20 29 39 40 43 46 12
12 19 2014 3 6 13 17 22 25 43 47
12 12 2014 2 14 30 34 38 47 48 16
12 5 2014 10 14 15 16 42 45 48 49
11 28 2014 3 4 7 12 17 26 34 1
11 21 2014 6 18 19 26 37 39 47 21
11 14 2014 2 5 7 13 15 30 38 27
11 7 2014 1 3 6 8 14 20 30 28
10 31 2014 3 12 25 30 42 44 45 26
10 24 2014 8 27 30 32 34 35 42 17
10 17 2014 18 19 32 36 38 40 43 1
10 10 2014 5 13 18 28 31 38 44 46
10 3 2014 7 15 24 25 27 43 47 22
09 26 2014 2 3 5 18 37 38 46 33
09 19 2014 4 7 8 10 16 20 36 27
09 12 2014 5 6 8 13 24 37 46 30
09 5 2014 3 8 11 20 28 36 38 26
08 29 2014 1 23 26 33 35 38 42 18
08 22 2014 13 16 22 26 35 36 39 44
08 15 2014 9 16 17 27 32 38 47 37
08 8 2014 6 9 16 19 20 24 30 31
08 1 2014 1 2 5 10 11 25 34 36
07 25 2014 7 9 24 30 35 42 43 36
07 18 2014 1 3 16 33 34 40 42 2
07 11 2014 1 6 10 16 18 21 31 5
07 4 2014 5 10 11 20 26 38 46 44
06 27 2014 4 6 7 16 18 40 46 34
06 20 2014 12 17 32 36 43 44 49 4
06 13 2014 12 16 24 29 36 40 47 44
06 6 2014 3 5 17 30 36 47 49 31
05 30 2014 2 5 10 11 23 25 31 46
05 23 2014 3 11 16 24 31 39 43 2
05 16 2014 12 13 16 30 32 35 37 7
05 9 2014 5 7 29 35 39 41 49 14
05 2 2014 6 15 18 19 25 44 46 28
04 25 2014 3 9 24 25 28 36 40 48
04 18 2014 9 16 24 30 39 40 45 14
04 11 2014 1 3 14 33 35 39 45 28
04 4 2014 19 30 33 34 36 41 48 11
03 28 2014 8 15 16 21 31 37 39 20
03 21 2014 1 2 4 21 23 35 40 5
03 14 2014 3 4 5 7 31 33 40 49
03 7 2014 1 6 7 16 22 31 33 25
02 28 2014 4 7 20 22 26 28 29 47
02 21 2014 1 10 16 23 29 35 39 46
02 14 2014 6 8 11 16 17 19 24 29
02 7 2014 13 19 37 38 40 43 48 46
01 31 2014 6 10 16 27 38 40 45 39
01 24 2014 7 10 15 23 30 36 44 45
01 17 2014 4 9 18 32 35 38 40 12
01 10 2014 12 28 31 38 40 41 45 15
01 3 2014 7 16 31 35 39 44 48 42
12 27 2013 1 6 9 11 17 37 39 32
12 20 2013 2 13 18 24 27 37 43 14
12 13 2013 6 16 24 32 36 45 47 25
12 6 2013 3 4 11 18 37 42 44 47
11 29 2013 3 6 19 31 34 42 45 30
11 22 2013 2 24 35 38 39 41 48 20
11 15 2013 1 3 10 15 25 28 31 7
11 8 2013 7 8 10 15 24 26 41 12
11 1 2013 11 12 16 22 30 32 49 35
10 25 2013 13 16 24 29 33 40 49 28
10 18 2013 10 26 28 33 34 35 40 12
10 11 2013 7 8 9 16 21 28 48 29
10 4 2013 12 16 19 20 28 34 42 9
09 27 2013 10 11 18 24 26 42 47 45
09 20 2013 2 14 15 24 40 43 44 45
09 13 2013 2 6 12 15 16 22 49 46
09 6 2013 1 7 23 36 37 39 41 33
08 30 2013 6 19 20 25 31 35 36 45
08 23 2013 5 6 10 17 22 36 48 3
08 16 2013 2 6 20 22 30 34 49 45
08 9 2013 6 15 19 26 43 44 49 30
08 2 2013 2 9 23 29 30 34 43 40
07 26 2013 5 9 12 18 24 35 42 17
07 19 2013 3 17 19 20 34 35 43 4
07 12 2013 14 16 17 36 45 46 48 7
07 5 2013 5 12 15 39 44 46 49 18
06 28 2013 2 7 15 38 43 44 47 1
06 21 2013 2 9 12 13 27 28 36 20
06 14 2013 2 12 15 18 21 22 25 5
06 7 2013 5 19 24 34 35 38 43 8
05 31 2013 5 7 10 15 22 45 47 23
05 24 2013 9 19 21 24 39 43 48 6
05 17 2013 8 18 21 27 33 46 49 26
05 10 2013 3 10 19 21 27 35 36 49
05 3 2013 4 6 21 26 30 34 35 39
04 26 2013 10 13 15 18 25 36 47 40
04 19 2013 2 3 8 20 28 31 34 42
04 12 2013 3 6 37 40 42 44 48 18
04 5 2013 2 14 15 17 24 38 40 31
03 29 2013 8 11 12 13 22 33 47 7
03 22 2013 7 12 16 19 21 24 47 34
03 15 2013 9 16 17 19 22 41 43 12
03 8 2013 9 15 17 28 35 39 41 36
03 1 2013 1 2 5 6 38 39 46 33
02 22 2013 5 12 24 31 39 45 49 35
02 15 2013 14 23 24 25 28 41 45 37
02 8 2013 3 8 13 30 38 45 47 10
02 1 2013 5 9 10 32 37 44 46 38
01 25 2013 1 18 19 29 31 32 46 36
01 18 2013 8 16 17 28 32 34 47 19
01 11 2013 2 25 26 37 39 48 49 40
01 4 2013 3 6 16 23 27 28 34 22
12 28 2012 1 9 25 28 32 41 48 12
12 21 2012 7 8 17 18 20 40 41 33
12 14 2012 3 6 10 33 39 48 49 18
12 7 2012 5 11 22 29 38 42 49 33
11 30 2012 3 10 13 23 31 41 45 33
11 23 2012 6 8 10 17 28 29 38 34
11 16 2012 1 5 9 19 27 35 48 30
11 9 2012 8 9 11 22 24 42 46 13
11 2 2012 1 2 5 26 29 36 47 13
10 26 2012 3 4 20 25 30 35 48 23
10 19 2012 1 2 3 15 22 37 41 6
10 12 2012 5 7 12 15 35 45 47 40
10 5 2012 1 12 23 27 30 31 37 33
09 28 2012 5 6 32 33 39 42 47 9
09 21 2012 7 8 10 11 19 34 45 44
09 14 2012 2 27 30 31 37 46 47 21
09 7 2012 11 14 18 20 37 41 46 8
08 31 2012 5 12 13 28 33 37 43 44
08 24 2012 2 3 5 22 23 32 33 8
08 17 2012 18 19 22 27 29 36 47 25
08 10 2012 2 15 18 19 22 27 49 40
08 3 2012 1 2 18 26 27 39 42 33
07 27 2012 2 20 25 26 46 47 48 44
07 20 2012 4 7 29 35 39 43 44 46
07 13 2012 3 13 14 23 33 36 45 7
07 6 2012 14 26 31 34 37 45 48 38
06 29 2012 10 14 20 28 35 40 42 44
06 22 2012 1 12 20 22 30 34 38 33
06 15 2012 8 11 20 28 36 43 47 18
06 8 2012 9 10 16 24 26 44 48 27
06 1 2012 4 7 13 24 26 27 43 41
05 25 2012 1 2 3 6 12 20 41 10
05 18 2012 3 4 13 15 21 29 48 26
05 11 2012 1 6 7 24 31 36 39 26
05 4 2012 3 5 6 25 37 43 45 21
04 27 2012 3 23 28 40 42 43 45 17
04 20 2012 14 15 16 19 30 36 46 42
04 13 2012 2 6 11 12 16 39 45 3
04 6 2012 15 18 19 25 32 42 49 43
03 30 2012 3 11 12 19 35 45 47 13
03 23 2012 6 18 21 23 24 32 48 47
03 16 2012 5 7 18 24 28 41 49 26
03 9 2012 7 18 19 29 39 47 48 32
03 2 2012 4 13 14 15 34 46 47 49
02 24 2012 6 17 23 24 25 31 38 7
02 17 2012 1 15 26 28 31 39 49 18
02 10 2012 1 5 25 35 38 44 47 39
02 3 2012 2 8 12 14 33 37 47 46
01 27 2012 8 24 28 34 37 43 45 21
01 20 2012 9 15 21 23 41 43 44 46
01 13 2012 6 15 18 26 41 46 48 27
01 6 2012 1 2 8 13 22 45 46 48
12 30 2011 2 13 22 28 35 41 42 4
12 23 2011 3 4 9 25 26 37 39 45
12 16 2011 11 24 26 31 42 44 46 22
12 9 2011 3 11 18 19 23 27 44 46
12 2 2011 23 29 33 34 39 44 48 32
11 25 2011 8 10 15 24 30 35 49 23
11 18 2011 8 17 27 28 39 44 49 24
11 11 2011 5 7 9 25 31 37 39 22
11 4 2011 5 8 13 15 27 28 37 39
10 28 2011 2 4 18 20 29 38 41 9
10 21 2011 6 23 27 30 34 38 45 21
10 14 2011 1 3 7 19 31 39 49 17
10 7 2011 12 13 24 25 26 41 43 7
09 30 2011 5 6 7 12 14 18 25 38
09 23 2011 8 16 24 27 30 38 40 18
09 16 2011 12 18 22 24 28 43 49 21
09 9 2011 6 8 15 20 30 32 42 17
09 2 2011 2 3 8 13 18 20 23 10
08 26 2011 6 11 12 14 35 43 44 42
08 19 2011 4 14 24 41 43 46 49 1
08 12 2011 4 15 21 30 33 35 47 28
08 5 2011 11 17 18 20 22 29 45 27
07 29 2011 1 2 3 17 24 35 36 30
07 22 2011 4 13 23 28 32 40 42 12
07 15 2011 3 7 8 12 18 24 41 1
07 8 2011 17 22 28 38 41 43 45 5
07 1 2011 15 18 20 28 29 40 47 38
06 24 2011 2 9 10 15 29 44 48 22
06 17 2011 2 7 14 16 22 27 47 25
06 10 2011 8 11 12 25 28 30 33 16
06 3 2011 8 21 28 32 33 34 48 38
05 27 2011 5 9 19 20 21 28 30 36
05 20 2011 7 12 14 18 30 45 47 20
05 13 2011 7 8 14 32 38 42 44 30
05 6 2011 6 19 24 25 26 35 36 23
04 29 2011 1 13 20 24 39 45 47 25
04 22 2011 7 19 34 35 38 42 46 11
04 15 2011 3 12 14 15 25 32 49 37
04 8 2011 13 18 25 41 44 48 49 1
04 1 2011 5 6 11 12 24 26 34 49
03 25 2011 1 4 22 25 26 36 46 5
03 18 2011 2 5 10 21 25 35 49 40
03 11 2011 2 3 4 20 22 40 43 9
03 4 2011 3 18 27 29 32 33 35 47
02 25 2011 3 14 19 30 32 39 46 8
02 18 2011 3 7 12 16 20 42 48 31
02 11 2011 4 6 13 19 26 29 47 43
02 4 2011 1 3 13 18 19 39 48 40
01 28 2011 7 10 14 20 21 23 31 41
01 21 2011 2 18 19 29 42 47 49 17
01 14 2011 2 6 10 12 24 30 37 3
01 7 2011 2 10 13 15 23 28 49 40
12 31 2010 2 7 10 22 32 34 38 1
12 24 2010 8 23 25 26 33 41 43 21
12 17 2010 1 16 28 29 33 37 47 24
12 10 2010 7 9 12 20 28 38 44 10
12 3 2010 1 10 13 26 43 46 49 31
11 26 2010 12 21 23 27 28 29 37 9
11 19 2010 4 13 25 29 36 40 48 24
11 12 2010 13 15 17 18 19 47 49 38
11 5 2010 7 10 24 30 35 36 39 3
10 29 2010 2 6 21 26 28 33 47 11
10 22 2010 12 15 19 20 28 29 39 14
10 15 2010 3 14 17 25 30 33 39 7
10 8 2010 3 4 5 8 13 22 33 32
10 1 2010 10 12 13 25 28 29 41 39
09 24 2010 9 22 25 30 31 39 42 19
09 17 2010 2 5 6 43 46 47 48 39
09 10 2010 4 17 27 32 34 39 47 13
09 3 2010 12 17 27 28 31 36 48 37
08 27 2010 3 14 26 27 29 32 34 1
08 20 2010 4 5 7 8 18 30 35 39
08 13 2010 19 25 27 29 30 36 46 15
08 6 2010 1 5 6 32 36 38 44 29
07 30 2010 5 7 11 40 41 47 48 6
07 23 2010 17 19 26 29 34 35 38 47
07 16 2010 10 14 26 34 43 47 48 28
07 9 2010 9 10 19 24 28 30 31 46
07 2 2010 9 19 25 26 29 30 44 33
06 25 2010 5 22 28 31 39 46 48 4
06 18 2010 5 6 26 29 34 36 43 49
06 11 2010 2 7 12 25 29 32 35 26
06 4 2010 3 18 27 30 33 40 45 31
05 28 2010 11 18 23 24 27 28 39 1
05 21 2010 14 16 30 35 36 45 49 10
05 14 2010 7 17 19 23 31 36 41 1
05 7 2010 3 6 10 14 19 25 33 1
04 30 2010 1 3 4 5 16 32 33 41
04 23 2010 8 11 16 21 24 28 41 37
04 16 2010 6 7 17 20 32 44 49 46
04 9 2010 11 16 29 30 31 33 42 24
04 2 2010 4 9 12 15 28 29 43 17
03 26 2010 3 11 12 16 34 36 37 18
03 19 2010 1 3 6 34 37 42 45 27
03 12 2010 17 18 19 21 32 40 49 6
03 5 2010 5 8 18 22 32 39 45 19
02 26 2010 2 27 30 32 35 36 38 39
02 19 2010 4 23 27 32 35 43 47 24
02 12 2010 9 12 17 23 34 42 47 37
02 5 2010 10 19 25 29 39 41 42 21
01 29 2010 16 17 22 24 40 41 47 45
01 22 2010 17 26 30 32 34 39 41 49
01 15 2010 12 17 22 30 34 43 49 48
01 8 2010 8 17 21 23 24 28 39 31
01 1 2010 7 9 13 18 27 33 44 15
12 25 2009 8 9 12 13 29 30 31 47
12 18 2009 8 10 15 17 33 34 35 13
12 11 2009 1 4 5 7 22 29 48 13
12 4 2009 1 6 13 19 32 35 40 7
11 27 2009 11 15 24 26 37 38 43 17
11 20 2009 2 8 28 30 36 39 42 24
11 13 2009 8 18 27 28 38 41 48 36
11 6 2009 2 7 8 11 16 17 18 12
10 30 2009 6 9 10 14 17 18 19 46
10 23 2009 4 7 10 12 23 25 36 18
10 16 2009 4 10 18 20 31 35 44 29
10 9 2009 5 15 25 38 42 46 47 26
10 2 2009 8 27 28 29 31 32 35 11
09 25 2009 5 17 19 25 31 38 46 4
