#
# File description
#
@FILENAME=C:\PROGRAMS\GAMES\PACMANIA\PACMANIA.DAT\IMAGES\sprites.idx
@SEPARATOR=,
#
# Structure description
#
@COLUMN1=INT       # Image ID
@COLUMN2=INT       # x-position hotspot
@COLUMN3=INT       # y-position hotspot
@COLUMN4=INT       # length
@COLUMN5=INT       # height
@COLUMN6=INT       # 0 is a sprite, 1 is a mask
@COLUMN7=CHAR(42)  # path and name (without DGI extension) in the image
#                  # folder. if "@" is read, then it's an alias of the
#                  # image ID (first value), x in the original (second)
#                  # and y in the original (third value)
#
# List of values (>= 80)
#
80,0,0,224,288,0,MISC\STARTUP
#
81,0,0,244,163,0,MISC\CREDITS
82,15,15,31,31,0,MISC\ROTATING\PACMAN0
83,15,15,31,31,1,MISC\ROTATING\PACMAN0M
84,12,12,25,25,0,MISC\ROTATING\PACMAN1
85,12,12,25,25,1,MISC\ROTATING\PACMAN1M
86,10,10,21,21,0,MISC\ROTATING\PACMAN2
87,10,10,21,21,1,MISC\ROTATING\PACMAN2M
88,12,15,25,31,0,MISC\ROTATING\BLINKY0
89,12,15,25,31,1,MISC\ROTATING\BLINKY0M
90,9,12,20,25,0,MISC\ROTATING\BLINKY2
91,9,12,20,25,1,MISC\ROTATING\BLINKY2M
92,12,15,25,31,0,MISC\ROTATING\PINKY0
93,12,15,25,31,1,MISC\ROTATING\PINKY0M
94,9,12,20,25,0,MISC\ROTATING\PINKY2
95,9,12,20,25,1,MISC\ROTATING\PINKY2M
#
#
#
100,10,23,21,21,0,PACMAN\N0
101,10,23,21,21,1,PACMAN\N0M
102,10,23,21,21,0,PACMAN\N1
103,10,23,21,21,1,PACMAN\N1M
104,10,23,20,21,0,PACMAN\N2
105,10,23,20,21,1,PACMAN\N2M
106,10,23,20,21,0,PACMAN\N3
107,10,23,20,21,1,PACMAN\N3M
108,10,23,19,21,0,PACMAN\N4
109,10,23,19,21,1,PACMAN\N4M
#
110,10,23,21,21,0,PACMAN\E0
111,10,23,21,21,1,PACMAN\E0M
112,10,23,21,21,0,PACMAN\E1
113,10,23,21,21,1,PACMAN\E1M
114,10,23,21,21,0,PACMAN\E2
115,10,23,21,21,1,PACMAN\E2M
116,10,23,20,21,0,PACMAN\E3
117,10,23,20,21,1,PACMAN\E3M
118,10,23,19,21,0,PACMAN\E4
119,10,23,19,21,1,PACMAN\E4M
#
120,10,23,21,21,0,PACMAN\S0
121,10,23,21,21,1,PACMAN\S0M
122,10,23,21,21,0,PACMAN\S1
123,10,23,21,21,1,PACMAN\S1M
124,10,23,21,21,0,PACMAN\S2
125,10,23,21,21,1,PACMAN\S2M
126,10,23,21,21,0,PACMAN\S3
127,10,23,21,21,1,PACMAN\S3M
128,10,23,21,21,0,PACMAN\S4
129,10,23,21,21,1,PACMAN\S4M
#
130,10,23,21,21,0,PACMAN\W0
131,10,23,21,21,1,PACMAN\W0M
132,9,23,20,21,0,PACMAN\W1
133,9,23,20,21,1,PACMAN\W1M
134,9,23,20,21,0,PACMAN\W2
135,9,23,20,21,1,PACMAN\W2M
136,8,23,19,21,0,PACMAN\W3
137,8,23,19,21,1,PACMAN\W3M
138,7,23,18,21,0,PACMAN\W4
139,7,23,18,21,1,PACMAN\W4M
#
140,10,23,21,21,0,PACMAN\D0
141,10,23,21,21,1,PACMAN\D0M
142,10,23,20,21,0,PACMAN\D1
143,10,23,20,21,1,PACMAN\D1M
144,10,23,19,21,0,PACMAN\D2
145,10,23,19,21,1,PACMAN\D2M
146,10,23,19,21,0,PACMAN\D3
147,10,23,19,21,1,PACMAN\D3M
148,10,23,20,21,0,PACMAN\D4
149,10,23,20,21,1,PACMAN\D4M
150,10,23,21,21,0,PACMAN\D5
151,10,23,21,21,1,PACMAN\D5M
152,8,23,19,21,0,PACMAN\D6
153,8,23,19,21,1,PACMAN\D6M
154,9,23,20,21,0,PACMAN\D7
155,9,23,20,21,1,PACMAN\D7M
156,9,22,19,20,0,PACMAN\D8
157,9,22,19,20,1,PACMAN\D8M
158,8,20,17,18,0,PACMAN\D9
159,8,20,17,18,1,PACMAN\D9M
160,7,18,15,15,0,PACMAN\DA
161,7,18,15,15,1,PACMAN\DAM
162,6,15,13,13,0,PACMAN\DB
163,6,15,13,13,1,PACMAN\DBM
164,5,13,11,11,0,PACMAN\DC
165,5,13,11,11,1,PACMAN\DCM
166,4,12,9,9,0,PACMAN\DD
167,4,12,9,9,1,PACMAN\DDM
168,3,10,7,7,0,PACMAN\DE
169,3,10,7,7,1,PACMAN\DEM
170,2,8,5,5,0,PACMAN\DF
171,2,8,5,5,1,PACMAN\DFM
#
#
#
180,9,3,16,7,0,SHADOW\0
181,9,3,16,7,1,SHADOW\0M
182,7,2,13,5,0,SHADOW\1
183,7,2,13,5,1,SHADOW\1M
184,5,2,9,4,0,SHADOW\2
185,5,2,9,4,1,SHADOW\2M
186,3,1,6,3,0,SHADOW\3
187,3,1,6,3,1,SHADOW\3M
188,2,1,2,2,0,SHADOW\4
189,2,1,2,2,1,SHADOW\4M
#
#
#
190,9,27,20,25,0,GHOST\PINKY\E00
191,9,27,20,25,1,GHOST\PINKY\E00M
192,9,27,20,25,0,GHOST\PINKY\E01
193,9,27,20,25,1,GHOST\PINKY\E01M
194,9,27,20,25,0,GHOST\PINKY\E02
195,9,27,20,25,1,GHOST\PINKY\E02M
196,9,27,20,25,0,GHOST\PINKY\E10
197,9,27,20,25,1,@191|0|0
198,9,27,20,25,0,GHOST\PINKY\E11
199,9,27,20,25,1,@193|0|0
200,9,27,20,25,0,GHOST\PINKY\E12
201,9,27,20,25,1,@195|0|0
#
202,9,27,20,25,0,GHOST\PINKY\S00
203,9,27,20,25,1,@191|0|0
204,9,27,20,25,0,GHOST\PINKY\S01
205,9,27,20,25,1,@193|0|0
206,9,27,20,25,0,GHOST\PINKY\S02
207,9,27,20,25,1,@195|0|0
208,9,27,20,25,0,GHOST\PINKY\S10
209,9,27,20,25,1,@191|0|0
210,9,27,20,25,0,GHOST\PINKY\S11
211,9,27,20,25,1,@193|0|0
212,9,27,20,25,0,GHOST\PINKY\S12
213,9,27,20,25,1,@195|0|0
#
214,9,27,20,25,0,GHOST\PINKY\W00
215,9,27,20,25,1,@191|0|0
216,9,27,20,25,0,GHOST\PINKY\W01
217,9,27,20,25,1,@193|0|0
218,9,27,20,25,0,GHOST\PINKY\W02
219,9,27,20,25,1,@195|0|0
220,9,27,20,25,0,GHOST\PINKY\W10
221,9,27,20,25,1,@191|0|0
222,9,27,20,25,0,GHOST\PINKY\W11
223,9,27,20,25,1,@193|0|0
224,9,27,20,25,0,GHOST\PINKY\W12
225,9,27,20,25,1,@195|0|0
#
226,9,27,20,25,0,GHOST\PINKY\N00
227,9,27,20,25,1,@191|0|0
228,9,27,20,25,0,GHOST\PINKY\N01
229,9,27,20,25,1,@193|0|0
230,9,27,20,25,0,GHOST\PINKY\N02
231,9,27,20,25,1,@195|0|0
232,9,27,20,25,0,@226|0|0
233,9,27,20,25,1,@191|0|0
234,9,27,20,25,0,@228|0|0
235,9,27,20,25,1,@193|0|0
236,9,27,20,25,0,@230|0|0
237,9,27,20,25,1,@195|0|0
#
#
238,9,27,20,25,0,GHOST\CLYDE\E00
239,9,27,20,25,1,@191|0|0
240,9,27,20,25,0,GHOST\CLYDE\E01
241,9,27,20,25,1,@193|0|0
242,9,27,20,25,0,GHOST\CLYDE\E02
243,9,27,20,25,1,@195|0|0
244,9,27,20,25,0,GHOST\CLYDE\E10
245,9,27,20,25,1,@191|0|0
246,9,27,20,25,0,GHOST\CLYDE\E11
247,9,27,20,25,1,@193|0|0
248,9,27,20,25,0,GHOST\CLYDE\E12
249,9,27,20,25,1,@195|0|0
#
250,9,27,20,25,0,GHOST\CLYDE\S00
251,9,27,20,25,1,@191|0|0
252,9,27,20,25,0,GHOST\CLYDE\S01
253,9,27,20,25,1,@193|0|0
254,9,27,20,25,0,GHOST\CLYDE\S02
255,9,27,20,25,1,@195|0|0
256,9,27,20,25,0,GHOST\CLYDE\S10
257,9,27,20,25,1,@191|0|0
258,9,27,20,25,0,GHOST\CLYDE\S11
259,9,27,20,25,1,@193|0|0
260,9,27,20,25,0,GHOST\CLYDE\S12
261,9,27,20,25,1,@195|0|0
#
262,9,27,20,25,0,GHOST\CLYDE\W00
263,9,27,20,25,1,@191|0|0
264,9,27,20,25,0,GHOST\CLYDE\W01
265,9,27,20,25,1,@193|0|0
266,9,27,20,25,0,GHOST\CLYDE\W02
267,9,27,20,25,1,@195|0|0
268,9,27,20,25,0,GHOST\CLYDE\W10
269,9,27,20,25,1,@191|0|0
270,9,27,20,25,0,GHOST\CLYDE\W11
271,9,27,20,25,1,@193|0|0
272,9,27,20,25,0,GHOST\CLYDE\W12
273,9,27,20,25,1,@195|0|0
#
274,9,27,20,25,0,GHOST\CLYDE\N00
275,9,27,20,25,1,@191|0|0
276,9,27,20,25,0,GHOST\CLYDE\N01
277,9,27,20,25,1,@193|0|0
278,9,27,20,25,0,GHOST\CLYDE\N02
279,9,27,20,25,1,@195|0|0
280,9,27,20,25,0,@274|0|0
281,9,27,20,25,1,@191|0|0
282,9,27,20,25,0,@276|0|0
283,9,27,20,25,1,@193|0|0
284,9,27,20,25,0,@278|0|0
285,9,27,20,25,1,@195|0|0
#
#
286,9,27,20,25,0,GHOST\SUE\E00
287,9,27,20,25,1,@191|0|0
288,9,27,20,25,0,GHOST\SUE\E01
289,9,27,20,25,1,@193|0|0
290,9,27,20,25,0,GHOST\SUE\E02
291,9,27,20,25,1,@195|0|0
292,9,27,20,25,0,GHOST\SUE\E10
293,9,27,20,25,1,@191|0|0
294,9,27,20,25,0,GHOST\SUE\E11
295,9,27,20,25,1,@193|0|0
296,9,27,20,25,0,GHOST\SUE\E12
297,9,27,20,25,1,@195|0|0
#
298,9,27,20,25,0,GHOST\SUE\S00
299,9,27,20,25,1,@191|0|0
300,9,27,20,25,0,GHOST\SUE\S01
301,9,27,20,25,1,@193|0|0
302,9,27,20,25,0,GHOST\SUE\S02
303,9,27,20,25,1,@195|0|0
304,9,27,20,25,0,GHOST\SUE\S10
305,9,27,20,25,1,@191|0|0
306,9,27,20,25,0,GHOST\SUE\S11
307,9,27,20,25,1,@193|0|0
308,9,27,20,25,0,GHOST\SUE\S12
309,9,27,20,25,1,@195|0|0
#
310,9,27,20,25,0,GHOST\SUE\W00
311,9,27,20,25,1,@191|0|0
312,9,27,20,25,0,GHOST\SUE\W01
313,9,27,20,25,1,@193|0|0
314,9,27,20,25,0,GHOST\SUE\W02
315,9,27,20,25,1,@195|0|0
316,9,27,20,25,0,GHOST\SUE\W10
317,9,27,20,25,1,@191|0|0
318,9,27,20,25,0,GHOST\SUE\W11
319,9,27,20,25,1,@193|0|0
320,9,27,20,25,0,GHOST\SUE\W12
321,9,27,20,25,1,@195|0|0
#
322,9,27,20,25,0,GHOST\SUE\N00
323,9,27,20,25,1,@191|0|0
324,9,27,20,25,0,GHOST\SUE\N01
325,9,27,20,25,1,@193|0|0
326,9,27,20,25,0,GHOST\SUE\N02
327,9,27,20,25,1,@195|0|0
328,9,27,20,25,0,@322|0|0
329,9,27,20,25,1,@191|0|0
330,9,27,20,25,0,@324|0|0
331,9,27,20,25,1,@193|0|0
332,9,27,20,25,0,@326|0|0
333,9,27,20,25,1,@195|0|0
#
#
334,9,25,20,23,0,GHOST\FUNKY\E00
335,9,25,20,23,1,GHOST\FUNKY\E00M
336,9,25,20,23,0,GHOST\FUNKY\E01
337,9,25,20,23,1,GHOST\FUNKY\E01M
338,9,25,20,23,0,GHOST\FUNKY\E02
339,9,25,20,23,1,GHOST\FUNKY\E02M
340,9,25,20,23,0,GHOST\FUNKY\E10
341,9,25,20,23,1,@335|0|0
342,9,25,20,23,0,GHOST\FUNKY\E11
343,9,25,20,23,1,@337|0|0
344,9,25,20,23,0,GHOST\FUNKY\E12
345,9,25,20,23,1,@339|0|0
#
346,9,25,20,23,0,GHOST\FUNKY\S00
347,9,25,20,23,1,@335|0|0
348,9,25,20,23,0,GHOST\FUNKY\S01
349,9,25,20,23,1,@337|0|0
350,9,25,20,23,0,GHOST\FUNKY\S02
351,9,25,20,23,1,@339|0|0
352,9,25,20,23,0,GHOST\FUNKY\S10
353,9,25,20,23,1,@335|0|0
354,9,25,20,23,0,GHOST\FUNKY\S11
355,9,25,20,23,1,@337|0|0
356,9,25,20,23,0,GHOST\FUNKY\S12
357,9,25,20,23,1,@339|0|0
#
358,9,25,20,23,0,GHOST\FUNKY\W00
359,9,25,20,23,1,@335|0|0
360,9,25,20,23,0,GHOST\FUNKY\W01
361,9,25,20,23,1,@337|0|0
362,9,25,20,23,0,GHOST\FUNKY\W02
363,9,25,20,23,1,@339|0|0
364,9,25,20,23,0,GHOST\FUNKY\W10
365,9,25,20,23,1,@335|0|0
366,9,25,20,23,0,GHOST\FUNKY\W11
367,9,25,20,23,1,@337|0|0
368,9,25,20,23,0,GHOST\FUNKY\W12
369,9,25,20,23,1,@339|0|0
#
370,9,25,20,23,0,GHOST\FUNKY\N00
371,9,25,20,23,1,@335|0|0
372,9,25,20,23,0,GHOST\FUNKY\N01
373,9,25,20,23,1,@337|0|0
374,9,25,20,23,0,GHOST\FUNKY\N02
375,9,25,20,23,1,@339|0|0
376,9,25,20,23,0,@370|0|0
377,9,25,20,23,1,@335|0|0
378,9,25,20,23,0,@372|0|0
379,9,25,20,23,1,@337|0|0
380,9,25,20,23,0,@374|0|0
381,9,25,20,23,1,@339|0|0
#
#
382,9,25,20,23,0,GHOST\SPUNKY\E00
383,9,25,20,23,1,@335|0|0
384,9,25,20,23,0,GHOST\SPUNKY\E01
385,9,25,20,23,1,@337|0|0
386,9,25,20,23,0,GHOST\SPUNKY\E02
387,9,25,20,23,1,@339|0|0
388,9,25,20,23,0,GHOST\SPUNKY\E10
389,9,25,20,23,1,@335|0|0
390,9,25,20,23,0,GHOST\SPUNKY\E11
391,9,25,20,23,1,@337|0|0
392,9,25,20,23,0,GHOST\SPUNKY\E12
393,9,25,20,23,1,@339|0|0
#
394,9,25,20,23,0,GHOST\SPUNKY\S00
395,9,25,20,23,1,@335|0|0
396,9,25,20,23,0,GHOST\SPUNKY\S01
397,9,25,20,23,1,@337|0|0
398,9,25,20,23,0,GHOST\SPUNKY\S02
399,9,25,20,23,1,@339|0|0
400,9,25,20,23,0,GHOST\SPUNKY\S10
401,9,25,20,23,1,@335|0|0
402,9,25,20,23,0,GHOST\SPUNKY\S11
403,9,25,20,23,1,@337|0|0
404,9,25,20,23,0,GHOST\SPUNKY\S12
405,9,25,20,23,1,@339|0|0
#
406,9,25,20,23,0,GHOST\SPUNKY\W00
407,9,25,20,23,1,@335|0|0
408,9,25,20,23,0,GHOST\SPUNKY\W01
409,9,25,20,23,1,@337|0|0
410,9,25,20,23,0,GHOST\SPUNKY\W02
411,9,25,20,23,1,@339|0|0
412,9,25,20,23,0,GHOST\SPUNKY\W10
413,9,25,20,23,1,@335|0|0
414,9,25,20,23,0,GHOST\SPUNKY\W11
415,9,25,20,23,1,@337|0|0
416,9,25,20,23,0,GHOST\SPUNKY\W12
417,9,25,20,23,1,@339|0|0
#
418,9,25,20,23,0,GHOST\SPUNKY\N00
419,9,25,20,23,1,@335|0|0
420,9,25,20,23,0,GHOST\SPUNKY\N01
421,9,25,20,23,1,@337|0|0
422,9,25,20,23,0,GHOST\SPUNKY\N02
423,9,25,20,23,1,@339|0|0
424,9,25,20,23,0,@418|0|0
425,9,25,20,23,1,@335|0|0
426,9,25,20,23,0,@420|0|0
427,9,25,20,23,1,@337|0|0
428,9,25,20,23,0,@422|0|0
429,9,25,20,23,1,@339|0|0
#
#
430,9,27,20,25,0,GHOST\INKY\E00
431,9,27,20,25,1,@191|0|0
432,9,27,20,25,0,GHOST\INKY\E01
433,9,27,20,25,1,@193|0|0
434,9,27,20,25,0,GHOST\INKY\E02
435,9,27,20,25,1,@195|0|0
436,9,27,20,25,0,GHOST\INKY\E10
437,9,27,20,25,1,@191|0|0
438,9,27,20,25,0,GHOST\INKY\E11
439,9,27,20,25,1,@193|0|0
440,9,27,20,25,0,GHOST\INKY\E12
441,9,27,20,25,1,@195|0|0
#
442,9,27,20,25,0,GHOST\INKY\S00
443,9,27,20,25,1,@191|0|0
444,9,27,20,25,0,GHOST\INKY\S01
445,9,27,20,25,1,@193|0|0
446,9,27,20,25,0,GHOST\INKY\S02
447,9,27,20,25,1,@195|0|0
448,9,27,20,25,0,GHOST\INKY\S10
449,9,27,20,25,1,@191|0|0
450,9,27,20,25,0,GHOST\INKY\S11
451,9,27,20,25,1,@193|0|0
452,9,27,20,25,0,GHOST\INKY\S12
453,9,27,20,25,1,@195|0|0
454,9,27,20,25,0,GHOST\INKY\S20
455,9,27,20,25,1,@191|0|0
456,9,27,20,25,0,GHOST\INKY\S21
457,9,27,20,25,1,@193|0|0
458,9,27,20,25,0,GHOST\INKY\S22
459,9,27,20,25,1,@195|0|0
#
460,9,27,20,25,0,GHOST\INKY\W00
461,9,27,20,25,1,@191|0|0
462,9,27,20,25,0,GHOST\INKY\W01
463,9,27,20,25,1,@193|0|0
464,9,27,20,25,0,GHOST\INKY\W02
465,9,27,20,25,1,@195|0|0
466,9,27,20,25,0,GHOST\INKY\W10
467,9,27,20,25,1,@191|0|0
468,9,27,20,25,0,GHOST\INKY\W11
469,9,27,20,25,1,@193|0|0
470,9,27,20,25,0,GHOST\INKY\W12
471,9,27,20,25,1,@195|0|0
#
472,9,27,20,25,0,GHOST\INKY\N00
473,9,27,20,25,1,@191|0|0
474,9,27,20,25,0,GHOST\INKY\N01
475,9,27,20,25,1,@193|0|0
476,9,27,20,25,0,GHOST\INKY\N02
477,9,27,20,25,1,@195|0|0
478,9,27,20,25,0,@472|0|0
479,9,27,20,25,1,@191|0|0
480,9,27,20,25,0,@474|0|0
481,9,27,20,25,1,@193|0|0
482,9,27,20,25,0,@476|0|0
483,9,27,20,25,1,@195|0|0
#
#
484,9,27,20,25,0,GHOST\BLINKY\E00
485,9,27,20,25,1,@191|0|0
486,9,27,20,25,0,GHOST\BLINKY\E01
487,9,27,20,25,1,@193|0|0
488,9,27,20,25,0,GHOST\BLINKY\E02
489,9,27,20,25,1,@195|0|0
490,9,27,20,25,0,GHOST\BLINKY\E10
491,9,27,20,25,1,@191|0|0
492,9,27,20,25,0,GHOST\BLINKY\E11
493,9,27,20,25,1,@193|0|0
494,9,27,20,25,0,GHOST\BLINKY\E12
495,9,27,20,25,1,@195|0|0
496,9,27,20,25,0,GHOST\BLINKY\E20
497,9,27,20,25,1,@191|0|0
498,9,27,20,25,0,GHOST\BLINKY\E21
499,9,27,20,25,1,@193|0|0
500,9,27,20,25,0,GHOST\BLINKY\E22
501,9,27,20,25,1,@195|0|0
502,9,27,20,25,0,GHOST\BLINKY\E30
503,9,27,20,25,1,@191|0|0
504,9,27,20,25,0,GHOST\BLINKY\E31
505,9,27,20,25,1,@193|0|0
506,9,27,20,25,0,GHOST\BLINKY\E32
507,9,27,20,25,1,@195|0|0
#
508,9,27,20,25,0,GHOST\BLINKY\S00
509,9,27,20,25,1,@191|0|0
510,9,27,20,25,0,GHOST\BLINKY\S01
511,9,27,20,25,1,@193|0|0
512,9,27,20,25,0,GHOST\BLINKY\S02
513,9,27,20,25,1,@195|0|0
514,9,27,20,25,0,GHOST\BLINKY\S10
515,9,27,20,25,1,@191|0|0
516,9,27,20,25,0,GHOST\BLINKY\S11
517,9,27,20,25,1,@193|0|0
518,9,27,20,25,0,GHOST\BLINKY\S12
519,9,27,20,25,1,@195|0|0
520,9,27,20,25,0,GHOST\BLINKY\S20
521,9,27,20,25,1,@191|0|0
522,9,27,20,25,0,GHOST\BLINKY\S21
523,9,27,20,25,1,@193|0|0
524,9,27,20,25,0,GHOST\BLINKY\S22
525,9,27,20,25,1,@195|0|0
526,9,27,20,25,0,GHOST\BLINKY\S30
527,9,27,20,25,1,@191|0|0
528,9,27,20,25,0,GHOST\BLINKY\S31
529,9,27,20,25,1,@193|0|0
530,9,27,20,25,0,GHOST\BLINKY\S32
531,9,27,20,25,1,@195|0|0
#
532,9,27,20,25,0,GHOST\BLINKY\W00
533,9,27,20,25,1,@191|0|0
534,9,27,20,25,0,GHOST\BLINKY\W01
535,9,27,20,25,1,@193|0|0
536,9,27,20,25,0,GHOST\BLINKY\W02
537,9,27,20,25,1,@195|0|0
538,9,27,20,25,0,GHOST\BLINKY\W10
539,9,27,20,25,1,@191|0|0
540,9,27,20,25,0,GHOST\BLINKY\W11
541,9,27,20,25,1,@193|0|0
542,9,27,20,25,0,GHOST\BLINKY\W12
543,9,27,20,25,1,@195|0|0
544,9,27,20,25,0,GHOST\BLINKY\W20
545,9,27,20,25,1,@191|0|0
546,9,27,20,25,0,GHOST\BLINKY\W21
547,9,27,20,25,1,@193|0|0
548,9,27,20,25,0,GHOST\BLINKY\W22
549,9,27,20,25,1,@195|0|0
550,9,27,20,25,0,GHOST\BLINKY\W30
551,9,27,20,25,1,@191|0|0
552,9,27,20,25,0,GHOST\BLINKY\W31
553,9,27,20,25,1,@193|0|0
554,9,27,20,25,0,GHOST\BLINKY\W32
555,9,27,20,25,1,@195|0|0
#
556,9,27,20,25,0,GHOST\BLINKY\N00
557,9,27,20,25,1,@191|0|0
558,9,27,20,25,0,GHOST\BLINKY\N01
559,9,27,20,25,1,@193|0|0
560,9,27,20,25,0,GHOST\BLINKY\N02
561,9,27,20,25,1,@195|0|0
562,9,27,20,25,0,@556|0|0
563,9,27,20,25,1,@191|0|0
564,9,27,20,25,0,@558|0|0
565,9,27,20,25,1,@193|0|0
566,9,27,20,25,0,@560|0|0
567,9,27,20,25,1,@195|0|0
568,9,27,20,25,0,@556|0|0
569,9,27,20,25,1,@191|0|0
570,9,27,20,25,0,@558|0|0
571,9,27,20,25,1,@193|0|0
572,9,27,20,25,0,@560|0|0
573,9,27,20,25,1,@195|0|0
574,9,27,20,25,0,@556|0|0
575,9,27,20,25,1,@191|0|0
576,9,27,20,25,0,@558|0|0
577,9,27,20,25,1,@193|0|0
578,9,27,20,25,0,@560|0|0
579,9,27,20,25,1,@195|0|0
#
#
580,9,27,20,25,0,GHOST\SCARED\REGULAR\E00
581,9,27,20,25,1,@191|0|0
582,9,27,20,25,0,GHOST\SCARED\REGULAR\E01
583,9,27,20,25,1,@193|0|0
584,9,27,20,25,0,GHOST\SCARED\REGULAR\E02
585,9,27,20,25,1,@195|0|0
#
586,9,27,20,25,0,GHOST\SCARED\REGULAR\S00
587,9,27,20,25,1,@191|0|0
588,9,27,20,25,0,GHOST\SCARED\REGULAR\S01
589,9,27,20,25,1,@193|0|0
590,9,27,20,25,0,GHOST\SCARED\REGULAR\S02
591,9,27,20,25,1,@195|0|0
#
592,9,27,20,25,0,GHOST\SCARED\REGULAR\W00
593,9,27,20,25,1,@191|0|0
594,9,27,20,25,0,GHOST\SCARED\REGULAR\W01
595,9,27,20,25,1,@193|0|0
596,9,27,20,25,0,GHOST\SCARED\REGULAR\W02
597,9,27,20,25,1,@195|0|0
#
598,9,27,20,25,0,GHOST\SCARED\REGULAR\N00
599,9,27,20,25,1,@191|0|0
600,9,27,20,25,0,GHOST\SCARED\REGULAR\N01
601,9,27,20,25,1,@193|0|0
602,9,27,20,25,0,GHOST\SCARED\REGULAR\N02
603,9,27,20,25,1,@195|0|0
#
#
604,9,25,20,23,0,GHOST\SCARED\SHORT\E00
605,9,25,20,23,1,@335|0|0
606,9,25,20,23,0,GHOST\SCARED\SHORT\E01
607,9,25,20,23,1,@337|0|0
608,9,25,20,23,0,GHOST\SCARED\SHORT\E02
609,9,25,20,23,1,@339|0|0
#
610,9,25,20,23,0,GHOST\SCARED\SHORT\S00
611,9,25,20,23,1,@335|0|0
612,9,25,20,23,0,GHOST\SCARED\SHORT\S01
613,9,25,20,23,1,@337|0|0
614,9,25,20,23,0,GHOST\SCARED\SHORT\S02
615,9,25,20,23,1,@339|0|0
#
616,9,25,20,23,0,GHOST\SCARED\SHORT\W00
617,9,25,20,23,1,@335|0|0
618,9,25,20,23,0,GHOST\SCARED\SHORT\W01
619,9,25,20,23,1,@337|0|0
620,9,25,20,23,0,GHOST\SCARED\SHORT\W02
621,9,25,20,23,1,@339|0|0
#
622,9,25,20,23,0,GHOST\SCARED\SHORT\N00
623,9,25,20,23,1,@335|0|0
624,9,25,20,23,0,GHOST\SCARED\SHORT\N01
625,9,25,20,23,1,@337|0|0
626,9,25,20,23,0,GHOST\SCARED\SHORT\N02
627,9,25,20,23,1,@339|0|0
#
#
628,3,20,8,12,0,GHOST\EYES\COMMON\E
629,3,20,8,12,1,GHOST\EYES\COMMON\EM
630,9,19,12,9,0,GHOST\EYES\COMMON\S
631,9,19,12,9,1,GHOST\EYES\COMMON\SM
632,3,20,7,12,0,GHOST\EYES\COMMON\W
633,3,20,7,12,1,GHOST\EYES\COMMON\WM
634,9,19,12,9,0,GHOST\EYES\COMMON\N
635,9,19,12,9,1,GHOST\EYES\COMMON\NM
#
636,3,19,7,10,0,GHOST\EYES\SUE\E
637,3,19,7,10,1,GHOST\EYES\SUE\EM
638,6,17,14,5,0,GHOST\EYES\SUE\S
639,6,17,14,5,1,GHOST\EYES\SUE\SM
640,3,19,7,10,0,GHOST\EYES\SUE\W
641,3,19,7,10,1,GHOST\EYES\SUE\WM
642,6,17,14,5,0,GHOST\EYES\SUE\N
643,6,17,14,5,1,GHOST\EYES\SUE\NM
#
644,3,20,8,12,0,GHOST\EYES\INKY\E
645,3,20,8,12,1,GHOST\EYES\INKY\EM
646,9,19,12,9,0,GHOST\EYES\INKY\S
647,9,19,12,9,1,GHOST\EYES\INKY\SM
648,3,20,7,12,0,GHOST\EYES\INKY\W
649,3,20,7,12,1,GHOST\EYES\INKY\WM
650,9,19,12,9,0,GHOST\EYES\INKY\N
651,9,19,12,9,1,GHOST\EYES\INKY\NM
#
652,3,20,8,12,0,GHOST\EYES\ANGRY\E
653,3,20,8,12,1,GHOST\EYES\ANGRY\EM
654,9,19,12,9,0,GHOST\EYES\ANGRY\S
655,9,19,12,9,1,GHOST\EYES\ANGRY\SM
656,3,20,7,12,0,GHOST\EYES\ANGRY\W
657,3,20,7,12,1,GHOST\EYES\ANGRY\WM
658,9,19,12,9,0,GHOST\EYES\ANGRY\N
659,9,19,12,9,1,GHOST\EYES\ANGRY\NM
#
#
660,9,27,20,25,0,GHOST\PINKY\DA
661,9,27,20,25,1,GHOST\PINKY\DAM
662,9,27,20,25,0,GHOST\PINKY\DB
663,9,27,20,25,1,GHOST\PINKY\DBM
664,9,27,20,25,0,GHOST\PINKY\DC
665,9,27,20,25,1,GHOST\PINKY\DCM
666,9,27,20,25,0,GHOST\PINKY\DD
667,9,27,20,25,1,GHOST\PINKY\DDM
668,9,27,20,25,0,GHOST\PINKY\DE
669,9,27,20,25,1,GHOST\PINKY\DEM
670,9,27,20,25,0,GHOST\PINKY\DF
671,9,27,20,25,1,GHOST\PINKY\DFM
672,9,27,20,25,0,GHOST\PINKY\DG
673,9,27,20,25,1,GHOST\PINKY\DGM
674,9,27,20,25,0,GHOST\PINKY\DH
675,9,27,20,25,1,GHOST\PINKY\DHM
676,9,27,20,25,0,GHOST\PINKY\DI
677,9,27,20,25,1,GHOST\PINKY\DIM
678,9,27,20,23,0,GHOST\PINKY\DJ
679,9,27,20,23,1,GHOST\PINKY\DJM
680,9,27,20,21,0,GHOST\PINKY\DK
681,9,27,20,21,1,GHOST\PINKY\DKM
682,9,27,20,19,0,GHOST\PINKY\DL
683,9,27,20,19,1,GHOST\PINKY\DLM
684,9,27,20,17,0,GHOST\PINKY\DM
685,9,27,20,17,1,GHOST\PINKY\DMM
686,9,27,20,15,0,GHOST\PINKY\DN
687,9,27,20,15,1,GHOST\PINKY\DNM
688,9,27,20,13,0,GHOST\PINKY\DO
689,9,27,20,13,1,GHOST\PINKY\DOM
690,9,27,20,11,0,GHOST\PINKY\DP
691,9,27,20,11,1,GHOST\PINKY\DPM
692,9,27,20,9,0,GHOST\PINKY\DQ
693,9,27,20,9,1,GHOST\PINKY\DQM
694,9,27,20,7,0,GHOST\PINKY\DR
695,9,27,20,7,1,GHOST\PINKY\DRM
696,9,27,20,5,0,GHOST\PINKY\DS
697,9,27,20,5,1,GHOST\PINKY\DSM
698,9,27,20,4,0,GHOST\PINKY\DT
699,9,27,20,4,1,GHOST\PINKY\DTM
700,9,27,20,3,0,GHOST\PINKY\DU
701,9,27,20,3,1,GHOST\PINKY\DUM
702,9,27,20,1,0,GHOST\PINKY\DV
703,9,27,20,1,1,GHOST\PINKY\DVM
#
#
704,9,27,20,25,0,GHOST\CLYDE\DA
705,9,27,20,25,1,@611|0|0
706,9,27,20,25,0,GHOST\CLYDE\DB
707,9,27,20,25,1,@663|0|0
708,9,27,20,25,0,GHOST\CLYDE\DC
709,9,27,20,25,1,@665|0|0
710,9,27,20,25,0,GHOST\CLYDE\DD
711,9,27,20,25,1,@667|0|0
712,9,27,20,25,0,GHOST\CLYDE\DE
713,9,27,20,25,1,@669|0|0
714,9,27,20,25,0,GHOST\CLYDE\DF
715,9,27,20,25,1,@671|0|0
716,9,27,20,25,0,GHOST\CLYDE\DG
717,9,27,20,25,1,@673|0|0
718,9,27,20,25,0,GHOST\CLYDE\DH
719,9,27,20,25,1,@675|0|0
720,9,27,20,25,0,GHOST\CLYDE\DI
721,9,27,20,25,1,@677|0|0
722,9,27,20,23,0,GHOST\CLYDE\DJ
723,9,27,20,23,1,@679|0|0
724,9,27,20,21,0,GHOST\CLYDE\DK
725,9,27,20,21,1,@681|0|0
726,9,27,20,19,0,GHOST\CLYDE\DL
727,9,27,20,19,1,@683|0|0
728,9,27,20,17,0,GHOST\CLYDE\DM
729,9,27,20,17,1,@685|0|0
730,9,27,20,15,0,GHOST\CLYDE\DN
731,9,27,20,15,1,@687|0|0
732,9,27,20,13,0,GHOST\CLYDE\DO
733,9,27,20,13,1,@689|0|0
734,9,27,20,11,0,GHOST\CLYDE\DP
735,9,27,20,11,1,@691|0|0
736,9,27,20,9,0,GHOST\CLYDE\DQ
737,9,27,20,9,1,@693|0|0
738,9,27,20,7,0,GHOST\CLYDE\DR
739,9,27,20,7,1,@695|0|0
740,9,27,20,5,0,GHOST\CLYDE\DS
741,9,27,20,5,1,@697|0|0
742,9,27,20,4,0,GHOST\CLYDE\DT
743,9,27,20,4,1,@699|0|0
744,9,27,20,3,0,GHOST\CLYDE\DU
745,9,27,20,3,1,@701|0|0
746,9,27,20,1,0,@702|0|0
747,9,27,20,1,1,@703|0|0
#
#
748,9,27,20,25,0,GHOST\SUE\DA
749,9,27,20,25,1,@611|0|0
750,9,27,20,25,0,GHOST\SUE\DB
751,9,27,20,25,1,@663|0|0
752,9,27,20,25,0,GHOST\SUE\DC
753,9,27,20,25,1,@665|0|0
754,9,27,20,25,0,GHOST\SUE\DD
755,9,27,20,25,1,@667|0|0
756,9,27,20,25,0,GHOST\SUE\DE
757,9,27,20,25,1,@669|0|0
758,9,27,20,25,0,GHOST\SUE\DF
759,9,27,20,25,1,@671|0|0
760,9,27,20,25,0,GHOST\SUE\DG
761,9,27,20,25,1,@673|0|0
762,9,27,20,25,0,GHOST\SUE\DH
763,9,27,20,25,1,@675|0|0
764,9,27,20,25,0,GHOST\SUE\DI
765,9,27,20,25,1,@677|0|0
766,9,27,20,23,0,GHOST\SUE\DJ
767,9,27,20,23,1,@679|0|0
768,9,27,20,21,0,GHOST\SUE\DK
769,9,27,20,21,1,@681|0|0
770,9,27,20,19,0,GHOST\SUE\DL
771,9,27,20,19,1,@683|0|0
772,9,27,20,17,0,GHOST\SUE\DM
773,9,27,20,17,1,@685|0|0
774,9,27,20,15,0,GHOST\SUE\DN
775,9,27,20,15,1,@687|0|0
776,9,27,20,13,0,GHOST\SUE\DO
777,9,27,20,13,1,@689|0|0
778,9,27,20,11,0,GHOST\SUE\DP
779,9,27,20,11,1,@691|0|0
780,9,27,20,9,0,GHOST\SUE\DQ
781,9,27,20,9,1,@693|0|0
782,9,27,20,7,0,GHOST\SUE\DR
783,9,27,20,7,1,@695|0|0
784,9,27,20,5,0,GHOST\SUE\DS
785,9,27,20,5,1,@697|0|0
786,9,27,20,4,0,GHOST\SUE\DT
787,9,27,20,4,1,@699|0|0
788,9,27,20,3,0,GHOST\SUE\DU
789,9,27,20,3,1,@701|0|0
790,9,27,20,1,0,@702|0|0
791,9,27,20,1,1,@703|0|0
#
#
792,9,27,20,25,0,GHOST\FUNKY\DA
793,9,27,20,25,1,@611|0|0
794,9,27,20,25,0,GHOST\FUNKY\DB
795,9,27,20,25,1,@663|0|0
796,9,27,20,25,0,GHOST\FUNKY\DC
797,9,27,20,25,1,@665|0|0
798,9,27,20,25,0,GHOST\FUNKY\DD
799,9,27,20,25,1,@667|0|0
800,9,27,20,25,0,GHOST\FUNKY\DE
801,9,27,20,25,1,@669|0|0
802,9,27,20,25,0,GHOST\FUNKY\DF
803,9,27,20,25,1,@671|0|0
804,9,27,20,25,0,GHOST\FUNKY\DG
805,9,27,20,25,1,@673|0|0
806,9,27,20,25,0,GHOST\FUNKY\DH
807,9,27,20,25,1,@675|0|0
808,9,27,20,25,0,GHOST\FUNKY\DI
809,9,27,20,25,1,@677|0|0
810,9,27,20,23,0,GHOST\FUNKY\DJ
811,9,27,20,23,1,@679|0|0
812,9,27,20,21,0,GHOST\FUNKY\DK
813,9,27,20,21,1,@681|0|0
814,9,27,20,19,0,GHOST\FUNKY\DL
815,9,27,20,19,1,@683|0|0
816,9,27,20,17,0,GHOST\FUNKY\DM
817,9,27,20,17,1,@685|0|0
818,9,27,20,15,0,GHOST\FUNKY\DN
819,9,27,20,15,1,@687|0|0
820,9,27,20,13,0,GHOST\FUNKY\DO
821,9,27,20,13,1,@689|0|0
822,9,27,20,11,0,GHOST\FUNKY\DP
823,9,27,20,11,1,@691|0|0
824,9,27,20,9,0,GHOST\FUNKY\DQ
825,9,27,20,9,1,@693|0|0
826,9,27,20,7,0,GHOST\FUNKY\DR
827,9,27,20,7,1,@695|0|0
828,9,27,20,5,0,GHOST\FUNKY\DS
829,9,27,20,5,1,@697|0|0
830,9,27,20,4,0,GHOST\FUNKY\DT
831,9,27,20,4,1,@699|0|0
832,9,27,20,3,0,GHOST\FUNKY\DU
833,9,27,20,3,1,@701|0|0
834,9,27,20,1,0,@702|0|0
835,9,27,20,1,1,@703|0|0
#
#
836,9,27,20,25,0,GHOST\SPUNKY\DA
837,9,27,20,25,1,@611|0|0
838,9,27,20,25,0,GHOST\SPUNKY\DB
839,9,27,20,25,1,@663|0|0
840,9,27,20,25,0,GHOST\SPUNKY\DC
841,9,27,20,25,1,@665|0|0
842,9,27,20,25,0,GHOST\SPUNKY\DD
843,9,27,20,25,1,@667|0|0
844,9,27,20,25,0,GHOST\SPUNKY\DE
845,9,27,20,25,1,@669|0|0
846,9,27,20,25,0,GHOST\SPUNKY\DF
847,9,27,20,25,1,@671|0|0
848,9,27,20,25,0,GHOST\SPUNKY\DG
849,9,27,20,25,1,@673|0|0
850,9,27,20,25,0,GHOST\SPUNKY\DH
851,9,27,20,25,1,@675|0|0
852,9,27,20,25,0,GHOST\SPUNKY\DI
853,9,27,20,25,1,@677|0|0
854,9,27,20,23,0,GHOST\SPUNKY\DJ
855,9,27,20,23,1,@679|0|0
856,9,27,20,21,0,GHOST\SPUNKY\DK
857,9,27,20,21,1,@681|0|0
858,9,27,20,19,0,GHOST\SPUNKY\DL
859,9,27,20,19,1,@683|0|0
860,9,27,20,17,0,GHOST\SPUNKY\DM
861,9,27,20,17,1,@685|0|0
862,9,27,20,15,0,GHOST\SPUNKY\DN
863,9,27,20,15,1,@687|0|0
864,9,27,20,13,0,GHOST\SPUNKY\DO
865,9,27,20,13,1,@689|0|0
866,9,27,20,11,0,GHOST\SPUNKY\DP
867,9,27,20,11,1,@691|0|0
868,9,27,20,9,0,GHOST\SPUNKY\DQ
869,9,27,20,9,1,@693|0|0
870,9,27,20,7,0,GHOST\SPUNKY\DR
871,9,27,20,7,1,@695|0|0
872,9,27,20,5,0,GHOST\SPUNKY\DS
873,9,27,20,5,1,@697|0|0
874,9,27,20,4,0,GHOST\SPUNKY\DT
875,9,27,20,4,1,@699|0|0
876,9,27,20,3,0,GHOST\SPUNKY\DU
877,9,27,20,3,1,@701|0|0
878,9,27,20,1,0,@702|0|0
879,9,27,20,1,1,@703|0|0
#
#
880,9,27,20,25,0,GHOST\INKY\DA
881,9,27,20,25,1,@611|0|0
882,9,27,20,25,0,GHOST\INKY\DB
883,9,27,20,25,1,@663|0|0
884,9,27,20,25,0,GHOST\INKY\DC
885,9,27,20,25,1,@665|0|0
886,9,27,20,25,0,GHOST\INKY\DD
887,9,27,20,25,1,@667|0|0
888,9,27,20,25,0,GHOST\INKY\DE
889,9,27,20,25,1,@669|0|0
890,9,27,20,25,0,GHOST\INKY\DF
891,9,27,20,25,1,@671|0|0
892,9,27,20,25,0,GHOST\INKY\DG
893,9,27,20,25,1,@673|0|0
894,9,27,20,25,0,GHOST\INKY\DH
895,9,27,20,25,1,@675|0|0
896,9,27,20,25,0,GHOST\INKY\DI
897,9,27,20,25,1,@677|0|0
898,9,27,20,23,0,GHOST\INKY\DJ
899,9,27,20,23,1,@679|0|0
900,9,27,20,21,0,GHOST\INKY\DK
901,9,27,20,21,1,@681|0|0
902,9,12,20,19,0,GHOST\INKY\DL
903,9,12,20,19,1,@683|0|0
904,9,27,20,17,0,GHOST\INKY\DM
905,9,27,20,17,1,@685|0|0
906,9,27,20,15,0,GHOST\INKY\DN
907,9,27,20,15,1,@687|0|0
908,9,27,20,13,0,GHOST\INKY\DO
909,9,27,20,13,1,@689|0|0
910,9,27,20,11,0,GHOST\INKY\DP
911,9,27,20,11,1,@691|0|0
912,9,27,20,9,0,GHOST\INKY\DQ
913,9,27,20,9,1,@693|0|0
914,9,27,20,7,0,GHOST\INKY\DR
915,9,27,20,7,1,@695|0|0
916,9,27,20,5,0,GHOST\INKY\DS
917,9,27,20,5,1,@697|0|0
918,9,27,20,4,0,GHOST\INKY\DT
919,9,27,20,4,1,@699|0|0
920,9,27,20,3,0,GHOST\INKY\DU
921,9,27,20,3,1,@701|0|0
922,9,27,20,1,0,@702|0|0
923,9,27,20,1,1,@703|0|0
#
#
924,9,27,20,25,0,GHOST\BLINKY\DA
925,9,27,20,25,1,@611|0|0
926,9,27,20,25,0,GHOST\BLINKY\DB
927,9,27,20,25,1,@663|0|0
928,9,27,20,25,0,GHOST\BLINKY\DC
929,9,27,20,25,1,@665|0|0
930,9,27,20,25,0,GHOST\BLINKY\DD
931,9,27,20,25,1,@667|0|0
932,9,27,20,25,0,GHOST\BLINKY\DE
933,9,27,20,25,1,@669|0|0
934,9,27,20,25,0,GHOST\BLINKY\DF
935,9,27,20,25,1,@671|0|0
936,9,27,20,25,0,GHOST\BLINKY\DG
937,9,27,20,25,1,@673|0|0
938,9,27,20,25,0,GHOST\BLINKY\DH
939,9,27,20,25,1,@675|0|0
940,9,27,20,25,0,GHOST\BLINKY\DI
941,9,27,20,25,1,@677|0|0
942,9,27,20,23,0,GHOST\BLINKY\DJ
943,9,27,20,23,1,@679|0|0
944,9,27,20,21,0,GHOST\BLINKY\DK
945,9,27,20,21,1,@681|0|0
946,9,27,20,19,0,GHOST\BLINKY\DL
947,9,27,20,19,1,@683|0|0
948,9,27,20,17,0,GHOST\BLINKY\DM
949,9,27,20,17,1,@685|0|0
950,9,27,20,15,0,GHOST\BLINKY\DN
951,9,27,20,15,1,@687|0|0
952,9,27,20,13,0,GHOST\BLINKY\DO
953,9,27,20,13,1,@689|0|0
954,9,27,20,11,0,GHOST\BLINKY\DP
955,9,27,20,11,1,@691|0|0
956,9,27,20,9,0,GHOST\BLINKY\DQ
957,9,27,20,9,1,@693|0|0
958,9,27,20,7,0,GHOST\BLINKY\DR
959,9,27,20,7,1,@695|0|0
960,9,27,20,5,0,GHOST\BLINKY\DS
961,9,27,20,5,1,@697|0|0
962,9,27,20,4,0,GHOST\BLINKY\DT
963,9,27,20,4,1,@699|0|0
964,9,27,20,3,0,GHOST\BLINKY\DU
965,9,27,20,3,1,@701|0|0
966,9,27,20,1,0,@702|0|0
967,9,27,20,1,1,@703|0|0
#
#
#
968,8,21,18,21,0,BONUS\MISC\BURGER
969,8,21,18,21,1,BONUS\MISC\BURGERM
970,8,20,18,20,0,BONUS\MISC\COFFEE
971,8,20,18,20,1,BONUS\MISC\COFFEEM
972,11,20,24,20,0,BONUS\MISC\CANDY
973,11,20,24,20,1,BONUS\MISC\CANDYM
974,9,22,19,22,0,BONUS\FRUIT\APPLER
975,9,22,19,22,1,BONUS\FRUIT\APPLERM
976,9,22,19,22,0,BONUS\FRUIT\APPLEG
977,9,22,19,22,1,BONUS\FRUIT\APPLEGM
978,8,21,18,21,0,BONUS\FRUIT\BANANA
979,8,21,18,21,1,BONUS\FRUIT\BANANAM
980,12,20,25,20,0,BONUS\FRUIT\CHERRY
981,12,20,25,20,1,BONUS\FRUIT\CHERRYM
982,10,21,22,21,0,BONUS\FRUIT\ORANGE
983,10,21,22,21,1,BONUS\FRUIT\ORANGEM
984,10,21,21,21,0,BONUS\FRUIT\PEACH
985,10,21,21,21,1,BONUS\FRUIT\PEACHM
988,9,22,19,22,0,BONUS\FRUIT\STRWBRRY
989,9,22,19,22,1,BONUS\FRUIT\STRWBRRM
990,7,18,16,18,0,BONUS\ICECREAM\CHOCOLAT
991,7,18,16,18,1,BONUS\ICECREAM\CHOCOLAM
992,6,21,13,21,0,BONUS\ICECREAM\VANILLA
993,6,21,13,21,1,BONUS\ICECREAM\VANILLAM
#
994,9,22,19,22,0,BONUS\ITEM\REGULAR\BELL
995,9,22,19,22,1,BONUS\ITEM\REGULAR\BELLM
996,10,20,21,20,0,BONUS\ITEM\REGULAR\KEY
997,10,20,21,20,1,BONUS\ITEM\REGULAR\KEYM
998,12,20,26,20,0,BONUS\ITEM\REGULAR\GALAXIAN
999,12,20,26,20,1,BONUS\ITEM\REGULAR\GALAXIAM
1000,9,22,19,22,0,BONUS\ITEM\SILVER\BELL
1001,9,22,19,22,1,BONUS\ITEM\SILVER\BELLM
1002,10,20,21,20,0,BONUS\ITEM\SILVER\KEY
1003,10,20,21,20,1,BONUS\ITEM\SILVER\KEYM
1004,12,20,26,20,0,BONUS\ITEM\SILVER\GALAXIAN
1005,12,20,26,20,1,BONUS\ITEM\SILVER\GALAXIAM
#
1014,9,6,18,14,0,BONUS\GAIN\00200
1015,9,6,18,14,1,BONUS\GAIN\00200M
1016,9,6,18,14,0,BONUS\GAIN\00400
1017,9,6,18,14,1,BONUS\GAIN\00400M
1018,9,6,18,14,0,BONUS\GAIN\00800
1019,9,6,18,14,1,BONUS\GAIN\00800M
1020,10,6,22,14,0,BONUS\GAIN\01600
1021,10,6,22,14,1,BONUS\GAIN\01600M
1022,11,6,24,14,0,BONUS\GAIN\03200
1023,11,6,24,14,1,BONUS\GAIN\03200M
1024,10,6,22,14,0,BONUS\GAIN\01000
1025,10,6,22,14,1,BONUS\GAIN\01000M
1026,11,6,24,14,0,BONUS\GAIN\02000
1027,11,6,24,14,1,BONUS\GAIN\02000M
1028,11,6,24,14,0,BONUS\GAIN\03000
1029,11,6,24,14,1,BONUS\GAIN\03000M
1030,11,6,24,14,0,BONUS\GAIN\04000
1031,11,6,24,14,1,BONUS\GAIN\04000M
1032,11,6,24,14,0,BONUS\GAIN\05000
1033,11,6,24,14,1,BONUS\GAIN\05000M
1034,11,6,24,14,0,BONUS\GAIN\06000
1035,11,6,24,14,1,BONUS\GAIN\06000M
1036,11,6,24,14,0,BONUS\GAIN\07000
1037,11,6,24,14,1,BONUS\GAIN\07000M
1038,11,6,24,14,0,BONUS\GAIN\07650
1039,11,6,24,14,1,BONUS\GAIN\07650M
1040,11,6,24,14,0,BONUS\GAIN\08000
1041,11,6,24,14,1,BONUS\GAIN\08000M
1042,11,6,24,14,0,BONUS\GAIN\09000
1043,11,6,24,14,1,BONUS\GAIN\09000M
1044,11,6,28,14,0,BONUS\GAIN\10000
1045,11,6,28,14,1,BONUS\GAIN\10000M
#
1048,6,14,10,10,0,PELLET\SUPER\GREEN\O0
1049,6,14,10,10,1,PELLET\SUPER\GREEN\O0M
1050,7,14,12,12,0,PELLET\SUPER\GREEN\O1
1051,7,14,12,12,1,PELLET\SUPER\GREEN\O1M
1052,8,14,14,14,0,PELLET\SUPER\GREEN\P0
1053,8,14,14,14,1,PELLET\SUPER\GREEN\P0M
1054,8,14,14,14,0,PELLET\SUPER\GREEN\P1
1055,8,14,14,14,1,@1053|0|0
1056,8,14,14,14,0,PELLET\SUPER\GREEN\P2
1057,8,14,14,14,1,@1053|0|0
1058,8,14,14,14,0,PELLET\SUPER\GREEN\P3
1059,8,14,14,14,1,@1053|0|0
1060,8,14,14,14,0,PELLET\SUPER\GREEN\P4
1061,8,14,14,14,1,@1053|0|0
1062,8,14,14,14,0,PELLET\SUPER\GREEN\P5
1063,8,14,14,14,1,@1053|0|0
1064,8,14,14,14,0,PELLET\SUPER\GREEN\P6
1065,8,14,14,14,1,@1053|0|0
1066,8,14,14,14,0,PELLET\SUPER\GREEN\P7
1067,8,14,14,14,1,@1053|0|0
1068,8,14,14,14,0,PELLET\SUPER\GREEN\P8
1069,8,14,14,14,1,@1053|0|0
#
1070,6,14,10,10,0,PELLET\SUPER\REGULAR\O0
1071,6,14,10,10,1,@1049|0|0
1072,7,14,12,12,0,PELLET\SUPER\REGULAR\O1
1073,7,14,12,12,1,@1051|0|0
1074,8,14,14,14,0,PELLET\SUPER\REGULAR\P0
1075,8,14,14,14,1,@1053|0|0
1076,8,14,14,14,0,PELLET\SUPER\REGULAR\P1
1077,8,14,14,14,1,@1053|0|0
1078,8,14,14,14,0,PELLET\SUPER\REGULAR\P2
1079,8,14,14,14,1,@1053|0|0
1080,8,14,14,14,0,PELLET\SUPER\REGULAR\P3
1081,8,14,14,14,1,@1053|0|0
1082,8,14,14,14,0,PELLET\SUPER\REGULAR\P4
1083,8,14,14,14,1,@1053|0|0
1084,8,14,14,14,0,PELLET\SUPER\REGULAR\P5
1085,8,14,14,14,1,@1053|0|0
1086,8,14,14,14,0,PELLET\SUPER\REGULAR\P6
1087,8,14,14,14,1,@1053|0|0
1088,8,14,14,14,0,PELLET\SUPER\REGULAR\P7
1089,8,14,14,14,1,@1053|0|0
1090,8,14,14,14,0,PELLET\SUPER\REGULAR\P8
1091,8,14,14,14,1,@1053|0|0
#
1092,6,14,10,10,0,PELLET\SUPER\PINK\O0
1093,6,14,10,10,1,@1049|0|0
1094,7,14,12,12,0,PELLET\SUPER\PINK\O1
1095,7,14,12,12,1,@1051|0|0
1096,8,14,14,14,0,PELLET\SUPER\PINK\P0
1097,8,14,14,14,1,@1053|0|0
1098,8,14,14,14,0,PELLET\SUPER\PINK\P1
1099,8,14,14,14,1,@1053|0|0
1100,8,14,14,14,0,PELLET\SUPER\PINK\P2
1101,8,14,14,14,1,@1053|0|0
1102,8,14,14,14,0,PELLET\SUPER\PINK\P3
1103,8,14,14,14,1,@1053|0|0
1104,8,14,14,14,0,PELLET\SUPER\PINK\P4
1105,8,14,14,14,1,@1053|0|0
1106,8,14,14,14,0,PELLET\SUPER\PINK\P5
1107,8,14,14,14,1,@1053|0|0
1108,8,14,14,14,0,PELLET\SUPER\PINK\P6
1109,8,14,14,14,1,@1053|0|0
1110,8,14,14,14,0,PELLET\SUPER\PINK\P7
1111,8,14,14,14,1,@1053|0|0
1112,8,14,14,14,0,PELLET\SUPER\PINK\P8
1113,8,14,14,14,1,@1053|0|0
#
1114,4,10,4,4,0,PELLET\SMALL\0
#
1115,0,16,16,16,0,ICON\APPLER
1116,0,16,16,16,1,ICON\APPLERM
1117,0,16,16,16,0,ICON\BANANA
1118,0,16,16,16,1,ICON\BANANAM
1119,0,16,16,16,0,ICON\CHERRY
1120,0,16,16,16,1,ICON\CHERRYM
1121,0,16,16,16,0,ICON\ORANGE
1122,0,16,16,16,1,ICON\ORANGEM
1123,0,16,16,16,0,ICON\PEACH
1124,0,16,16,16,1,ICON\PEACHM
1125,0,16,16,16,0,ICON\STRWBRRY
1126,0,16,16,16,1,ICON\STRWBRRM
1127,0,16,16,16,0,ICON\BELL
1128,0,16,16,16,1,ICON\BELLM
1129,0,16,16,16,0,ICON\KEY
1130,0,16,16,16,1,ICON\KEYM
1131,0,16,16,16,0,ICON\PACMAN
1132,0,16,16,16,1,ICON\PACMANM
#
1133,0,0,8,16,1,FONT\0
1134,0,0,8,16,1,FONT\1
1135,0,0,8,16,1,FONT\2
1136,0,0,8,16,1,FONT\3
1137,0,0,8,16,1,FONT\4
1138,0,0,8,16,1,FONT\5
1139,0,0,8,16,1,FONT\6
1140,0,0,8,16,1,FONT\7
1141,0,0,8,16,1,FONT\8
1142,0,0,8,16,1,FONT\9
#
1143,0,0,8,16,1,FONT\A
1144,0,0,8,16,1,FONT\B
1145,0,0,8,16,1,FONT\C
1146,0,0,8,16,1,FONT\D
1147,0,0,8,16,1,FONT\E
1148,0,0,8,16,1,FONT\F
1149,0,0,8,16,1,FONT\G
1150,0,0,8,16,1,FONT\H
1151,0,0,8,16,1,FONT\I
1152,0,0,8,16,1,FONT\J
1153,0,0,8,16,1,FONT\K
1154,0,0,8,16,1,FONT\L
1155,0,0,8,16,1,FONT\M
1156,0,0,8,16,1,FONT\N
1157,0,0,8,16,1,FONT\O
1158,0,0,8,16,1,FONT\P
1159,0,0,8,16,1,FONT\Q
1160,0,0,8,16,1,FONT\R
1161,0,0,8,16,1,FONT\S
1162,0,0,8,16,1,FONT\T
1163,0,0,8,16,1,FONT\U
1164,0,0,8,16,1,FONT\V
1165,0,0,8,16,1,FONT\W
1166,0,0,8,16,1,FONT\X
1167,0,0,8,16,1,FONT\Y
1168,0,0,8,16,1,FONT\Z
#
1169,0,0,8,16,1,FONT\_SPACE
1170,0,0,8,16,1,FONT\_DOT
1171,0,0,8,16,1,FONT\_DASH
1172,0,0,8,16,1,FONT\_PLUS
1173,0,0,8,16,1,FONT\_QUESTI
1174,0,0,8,16,1,FONT\_EXCLAM
1175,0,0,8,16,1,FONT\_UMLAUT
#
#
#
#