118
ABCD
49408
7
0
ADD
53248
512
8192
ADDA
53248
1024
64
ADDI
1536
0
1058
ADDQ
20480
8
514
ADDX
53504
7
2
AND
49152
512
4096
ANDI
512
0
1058
ASL
57600
16
0
ASR
57344
16
0
BCC
25600
32
0
BCHG
64
0
1057
BCLR
128
0
1057
BCS
25856
32
0
BEQ
26368
32
0
BGE
27648
32
0
BGT
28160
32
0
BHI
25088
32
0
BLE
28416
32
0
BLS
25344
32
0
BLT
27904
32
0
BMI
27392
32
0
BNE
26112
32
0
BPL
27136
32
0
BRA
24576
32
0
BSET
192
0
1057
BSR
24832
32
0
BTST
0
0
289
BVC
26624
32
0
BVS
26880
32
0
CHK
16768
4
128
CLR
16896
0
1026
CMP
45056
2048
64
CMPA
45056
1024
64
CMPI
3072
0
1058
CMPM
45320
6
2
DBCC
21704
64
0
DBCS
21960
64
0
DBEQ
22472
64
0
DBF
20936
64
0
DBGE
23752
64
0
DBGT
24264
64
0
DBHI
21192
64
0
DBLE
24520
64
0
DBLS
21448
64
0
DBLT
24008
64
0
DBMI
23496
64
0
DBNE
22216
64
0
DBPL
23240
64
0
DBRA
20936
64
0
DBT
20680
64
0
DBVC
22728
64
0
DBVS
22984
64
0
DIVS
33216
4
128
DIVU
32960
4
128
EOR
45056
4096
1024
EORI
2560
0
1058
EXG
49408
32768
0
EXT
18432
8192
0
ILLEGAL
19196
0
0
JMP
20160
0
2048
JSR
20096
0
2048
LEA
16832
4
2048
LINK
20048
2
32
LSL
58120
16
0
LSR
58120
16
0
MOVE
0
0
32776
MOVEA
64
4
80
MOVEM
18560
0
16420
MOVEP
8
16384
32
MOVEQ
28672
256
0
MULS
49600
4
128
MULU
49344
4
128
NBCD
18432
0
1024
NEG
17408
0
1026
NEGX
16384
0
1026
NOP
20081
0
0
NOT
17920
0
1026
OR
32768
512
4096
ORI
0
0
1058
PEA
18496
0
2048
RESET
20080
0
0
ROL
59160
16
0
ROR
58904
16
0
ROXL
58640
16
0
ROXR
58384
16
0
RTE
20083
0
0
RTR
20087
0
0
RTS
20085
0
0
SBCD
33024
7
0
SCC
21696
0
1024
SCS
21952
0
1024
SEQ
22464
0
1024
SF
20928
0
1024
SGE
23744
0
1024
SGT
24256
0
1024
SHI
21184
0
1024
SLE
24512
0
1024
SLS
21440
0
1024
SLT
24000
0
1024
SMI
23488
0
1024
SNE
22208
0
1024
SPL
23232
0
1024
ST
20672
0
1024
STOP
20082
0
32
SUB
36864
512
8192
SUBA
36864
1024
64
SUBI
1024
0
1058
SUBQ
20736
8
514
SUBX
37120
7
2
SVC
22720
0
1024
SVS
22976
0
1024
SWAP
18496
2
0
TAS
19136
0
1024
TRAP
20032
128
0
TRAPV
20086
0
0
TST
18944
0
1026
UNLK
20056
2
0
