 10 
black rat
 2 
 10 
 0 
 10 
 3 
 5 
 0 
 0 
 0 
 30 
 1 
 1 
brown rat
 2 
 10 
 0 
 10 
 3 
 5 
 0 
 0 
 0 
 30 
 1 
 1 
tan rat
 2 
 10 
 0 
 10 
 3 
 5 
 0 
 0 
 0 
 30 
 1 
 1 
hermit
 13 
 22 
 50 
 75 
 5 
 75 
 0 
 0 
 3 
 55 
 1 
 6 
gorilla
 12 
 15 
 0 
 60 
 8 
 200 
 0 
 0 
 0 
 45 
 1 
 4 
heinrich
 15 
 5 
 65 
 100 
 6 
 100 
 0 
 1 
 5 
 12 
 1 
 8 
mimic
 5 
 5 
 0 
 100 
 0 
 300 
 0 
 0 
 0 
 40 
 1 
 3 
priest
 10 
 6 
 0 
 100 
 18 
 75 
 0 
 1 
 8 
 25 
 1 
 4 
cynthia
 3 
 20 
 95 
 5 
 18 
 50 
 0 
 0 
-1 
 0 
 0 
 0 
pirate
 5 
 20 
 0 
 10 
 26 
 300 
 0 
 0 
 11 
 60 
 1 
 10
