cntcol LDV running on image 800x444, 8 bitplanes:
-------|--------------------
| Line | # unique colors |
|     0|               11|
|     1|                9|
|     2|               10|
|     3|               11|
|     4|                9|
|     5|               10|
|     6|                9|
|     7|               10|
|     8|               10|
|     9|               10|
|    10|               10|
|    11|               10|
|    12|               10|
|    13|               10|
|    14|               10|
|    15|               10|
|    16|                9|
|    17|               10|
|    18|               10|
|    19|               10|
|    20|               10|
|    21|               10|
|    22|               10|
|    23|               10|
|    24|               10|
|    25|               10|
|    26|               10|
|    27|               10|
|    28|               10|
|    29|               10|
|    30|               10|
|    31|               10|
|    32|               10|
|    33|               10|
|    34|               10|
|    35|               10|
|    36|               10|
|    37|               10|
|    38|               10|
|    39|               10|
|    40|               10|
|    41|               10|
|    42|               10|
|    43|               10|
|    44|               10|
|    45|                9|
|    46|               10|
|    47|               10|
|    48|               10|
|    49|                9|
|    50|               10|
|    51|               10|
|    52|               11|
|    53|               10|
|    54|               10|
|    55|               11|
|    56|               11|
|    57|               11|
|    58|               11|
|    59|               11|
|    60|               11|
|    61|               11|
|    62|               11|
|    63|               11|
|    64|               11|
|    65|               11|
|    66|               11|
|    67|               11|
|    68|               11|
|    69|               11|
|    70|               13|
|    71|               13|
|    72|               12|
|    73|               12|
|    74|               11|
|    75|               12|
|    76|               12|
|    77|               12|
|    78|               13|
|    79|               13|
|    80|               13|
|    81|               15|
|    82|               12|
|    83|               13|
|    84|               13|
|    85|               16|
|    86|               14|
|    87|               15|
|    88|               15|
|    89|               18|
|    90|               17|
|    91|               17|
|    92|               16|
|    93|               20|
|    94|               16|
|    95|               17|
|    96|               19|
|    97|               20|
|    98|               18|
|    99|               18|
|   100|               21|
|   101|               18|
|   102|               18|
|   103|               17|
|   104|               18|
|   105|               21|
|   106|               19|
|   107|               18|
|   108|               20|
|   109|               21|
|   110|               20|
|   111|               23|
|   112|               20|
|   113|               23|
|   114|               25|
|   115|               23|
|   116|               21|
|   117|               20|
|   118|               22|
|   119|               23|
|   120|               23|
|   121|               24|
|   122|               23|
|   123|               24|
|   124|               23|
|   125|               21|
|   126|               18|
|   127|               23|
|   128|               23|
|   129|               18|
|   130|               18|
|   131|               21|
|   132|               19|
|   133|               17|
|   134|               15|
|   135|               21|
|   136|               19|
|   137|               18|
|   138|               19|
|   139|               19|
|   140|               19|
|   141|               17|
|   142|               17|
|   143|               20|
|   144|               19|
|   145|               21|
|   146|               18|
|   147|               19|
|   148|               17|
|   149|               19|
|   150|               19|
|   151|               17|
|   152|               16|
|   153|               19|
|   154|               16|
|   155|               19|
|   156|               17|
|   157|               16|
|   158|               14|
|   159|               17|
|   160|               20|
|   161|               21|
|   162|               20|
|   163|               23|
|   164|               22|
|   165|               23|
|   166|               25|
|   167|               23|
|   168|               26|
|   169|               23|
|   170|               24|
|   171|               24|
|   172|               26|
|   173|               25|
|   174|               27|
|   175|               26|
|   176|               28|
|   177|               25|
|   178|               19|
|   179|               21|
|   180|               19|
|   181|               16|
|   182|               17|
|   183|               19|
|   184|               19|
|   185|               15|
|   186|               14|
|   187|               13|
|   188|               16|
|   189|               16|
|   190|               14|
|   191|               16|
|   192|               13|
|   193|               14|
|   194|               12|
|   195|               14|
|   196|               12|
|   197|               13|
|   198|               15|
|   199|               14|
|   200|               14|
|   201|               13|
|   202|               11|
|   203|               13|
|   204|               12|
|   205|                9|
|   206|               12|
|   207|               13|
|   208|               13|
|   209|               11|
|   210|               12|
|   211|               11|
|   212|               10|
|   213|               11|
|   214|               12|
|   215|               15|
|   216|               13|
|   217|               12|
|   218|               16|
|   219|               12|
|   220|               13|
|   221|               12|
|   222|               14|
|   223|               12|
|   224|               13|
|   225|               13|
|   226|               13|
|   227|               14|
|   228|               14|
|   229|               13|
|   230|               16|
|   231|               16|
|   232|               15|
|   233|               16|
|   234|               16|
|   235|               14|
|   236|               14|
|   237|               16|
|   238|               13|
|   239|               16|
|   240|               15|
|   241|               17|
|   242|               14|
|   243|               13|
|   244|               15|
|   245|               16|
|   246|               15|
|   247|               14|
|   248|               13|
|   249|               16|
|   250|               15|
|   251|               13|
|   252|               15|
|   253|               16|
|   254|               16|
|   255|               16|
|   256|               15|
|   257|               16|
|   258|               14|
|   259|               14|
|   260|               17|
|   261|               16|
|   262|               17|
|   263|               17|
|   264|               17|
|   265|               16|
|   266|               16|
|   267|               16|
|   268|               17|
|   269|               18|
|   270|               17|
|   271|               17|
|   272|               16|
|   273|               17|
|   274|               16|
|   275|               16|
|   276|               15|
|   277|               14|
|   278|               15|
|   279|               16|
|   280|               15|
|   281|               16|
|   282|               15|
|   283|               14|
|   284|               15|
|   285|               15|
|   286|               15|
|   287|               15|
|   288|               15|
|   289|               16|
|   290|               15|
|   291|               13|
|   292|               15|
|   293|               15|
|   294|               15|
|   295|               16|
|   296|               16|
|   297|               15|
|   298|               15|
|   299|               12|
|   300|               14|
|   301|               15|
|   302|               15|
|   303|               13|
|   304|               16|
|   305|               15|
|   306|               11|
|   307|               13|
|   308|               13|
|   309|               14|
|   310|               14|
|   311|               14|
|   312|               17|
|   313|               13|
|   314|               15|
|   315|               14|
|   316|               12|
|   317|               12|
|   318|               16|
|   319|               14|
|   320|               14|
|   321|               13|
|   322|               12|
|   323|               13|
|   324|               13|
|   325|               15|
|   326|               13|
|   327|               14|
|   328|               11|
|   329|               14|
|   330|               11|
|   331|               14|
|   332|               14|
|   333|               15|
|   334|               16|
|   335|               11|
|   336|               16|
|   337|               13|
|   338|               13|
|   339|               10|
|   340|               13|
|   341|               12|
|   342|               12|
|   343|               12|
|   344|               12|
|   345|               12|
|   346|               11|
|   347|               11|
|   348|                9|
|   349|                9|
|   350|               11|
|   351|               12|
|   352|               12|
|   353|               11|
|   354|               10|
|   355|                9|
|   356|                6|
|   357|                8|
|   358|               11|
|   359|                8|
|   360|               10|
|   361|                9|
|   362|                9|
|   363|               10|
|   364|                6|
|   365|                5|
|   366|                5|
|   367|                6|
|   368|                7|
|   369|                8|
|   370|                6|
|   371|                6|
|   372|                6|
|   373|                6|
|   374|                5|
|   375|                6|
|   376|                5|
|   377|                5|
|   378|                5|
|   379|                5|
|   380|                5|
|   381|                5|
|   382|                5|
|   383|                6|
|   384|                7|
|   385|                5|
|   386|                5|
|   387|                6|
|   388|                5|
|   389|                5|
|   390|                5|
|   391|                6|
|   392|                5|
|   393|                5|
|   394|                5|
|   395|                6|
|   396|                6|
|   397|                5|
|   398|                5|
|   399|                5|
|   400|                6|
|   401|                5|
|   402|                5|
|   403|                5|
|   404|                5|
|   405|                5|
|   406|                5|
|   407|                5|
|   408|                5|
|   409|                5|
|   410|                5|
|   411|                5|
|   412|                5|
|   413|                5|
|   414|                5|
|   415|                5|
|   416|                5|
|   417|                5|
|   418|                7|
|   419|                6|
|   420|                6|
|   421|                6|
|   422|                5|
|   423|                6|
|   424|                6|
|   425|                5|
|   426|                5|
|   427|                6|
|   428|                5|
|   429|                5|
|   430|                5|
|   431|                6|
|   432|                5|
|   433|                5|
|   434|                5|
|   435|                6|
|   436|                5|
|   437|                5|
|   438|                5|
|   439|                6|
|   440|                5|
|   441|                5|
|   442|                5|
|   443|                6|
-------|------------------
|Total |               47|
-------|------------------
RAM used: 0 KB
Computation time: 153985 ms
