Vanguard 1       0.2  0.0  0.0 12.4
1 00005U 58BET  2 90109.62355029  .00001444  00000-0  18550-2 0   503
2 00005  34.2506 229.4722 1867161 238.1345 102.4124 10.80369379 10912
Vanguard 2       0.5  0.0  0.0  9.9
1 00011U 59ALP  1 90107.01359343  .00001639  00000-0  92651-3 0  8794
2 00011  32.8705 332.5651 1548943 229.2081 116.3647 11.68205244315529
Vanguard 2 r     1.2  0.5  0.0  9.1
1 00012U 59ALP  2 90109.01260115  .00001188  00000-0  73310-3 0  9854
2 00012  32.9080  21.0451 1742100 290.4588  51.7991 11.28444975266620
Vanguard 1 r     1.2  0.5  0.0  9.1
1 00016U 58BET  1 90106.54766225  .00000398  00000-0  55510-3 0  3650
2 00016  34.2801 222.5457 2043833 317.6192  28.3116 10.45194345173329
Vanguard 3       2.5  0.5  0.0  8.5
1 00020U 59ETA  1 90108.15802784  .00002258  00000-0  98550-3 0   257
2 00020  33.3430  31.9224 1768628 198.7584 153.8805 11.33903234249690
Explorer 7       0.8  0.8  0.0  8.9
1 00022U 59IOT  1 90 92.11692314  .00005810  00000-0  94343-3 0  5903
2 00022  50.3045 347.1648 0266790   9.8507 350.7486 14.51314822595154
Transit 2A r     4.8  1.4  0.0  6.6
1 00047U 60ETA  3 90103.93500873  .00001541  00000-0  40563-3 0  2779
2 00047  66.6791 282.9431 0256588  39.2336 322.7079 14.31112242550132
Echo 1 r         1.5  0.5  0.0  9.1
1 00050U 60IOT  2 90108.43457817  .00000027  00000-0  25038-3 0  9923
2 00050  47.2316 111.5608 0114502 255.0870 103.7220 12.19905929325543
Courier 1B       1.3  0.0  0.0  7.8
1 00058U 60 NU  1 90 81.63686283  .00000152  00000-0  14177-3 0  2398
2 00058  28.3238 311.5520 0166113  95.0694 266.8902 13.45876188449819
Courier 1B r     4.8  1.4  0.0  6.6
1 00059U 60 NU  2 90 90.74481698  .00000141  00000-0  10598-3 0  3690
2 00059  28.2491 357.0374 0189771 228.3979 130.0201 13.52187234451771
Explorer 8       0.8  0.0  0.0  9.0
1 00060U 60 XI  1 90 87.39371967  .00026739  00000-0  23879-2 0  6492
2 00060  49.9254  89.9909 0782350 333.6410  22.6634 13.76040561412575
Explorer 9 r     1.5  0.5  0.0  9.1
1 00082U 61DEL  2 90 89.89055826  .00000759  00000-0  65686-3 0  9993
2 00082  38.8658 263.3056 1194593 254.4798  92.1275 12.21829486455065
Midas 3          9.0  1.5  0.0  5.9
1 00163U 61SIG  1 90 15.27323035  .00000000  00000-0  99999-4 0  1999
2 00163  91.1704 329.3428 0100957 348.9104  10.9547  8.91828152928397
Midas 4          9.0  1.5  0.0  5.9
1 00192U 61A-D  1 90 82.18289377  .00000006  00000-0  31922-2 0  1925
2 00192  95.8699 319.5128 0140593 319.9616  39.0940  8.67721098900367
Transit 4B r     4.8  1.4  0.0  6.6
1 00204U 61A-E  3 90 90.51015023  .00000226  00000-0  25248-3 0  2001
2 00204  32.4406 158.8944 0099149 149.8945 210.7442 13.64022256415706
Midas 5          9.0  1.5  0.0  5.9
1 00271U 62KAP  1 90 39.54064179  .00000002  00000-0  99999-4 0  9874
2 00271  86.6453  87.0775 0332234 135.0079 227.8253  9.41299658956664
Telstar 1        0.9  0.0  0.0  8.7
1 00340U 62A-E  1 90104.29676618  .00000037  00000-0  28957-3 0  3848
2 00340  44.7841  63.8301 2424053 155.6577 218.1052  9.12740248925961
Telstar 1 r      1.5  0.5  0.0  9.1
1 00341U 62A-E  2 90100.13962383 -.00000035  00000-0 -27244-3 0  7736
2 00341  44.7925  32.1345 2416556 192.3390 160.5868  9.13892052926656
Alouette 1       0.9  1.1  0.0  8.2
1 00424U 62B-A  1 90135.92586332  .00000237  00000-0  27437-3 0  3257
2 00424  80.4646 317.8855 0023872 357.9129   2.1911 13.67344214378282
Alouette 1 r     6.0  1.5  0.0  6.3
1 00426U 62B-A  2 90107.68408925  .00000048  00000-0  57641-4 0  2668
2 00426  80.4690 342.4563 0019232  38.5231 321.7263 13.67308268374470
Midas 6          9.0  1.5  0.0  5.9
1 00574U 63014  A 90 91.66583652  .00000000  00000-0  99999-4 0   147
2 00574  87.3519  14.9723 0039519 190.6758 169.3280  8.65261159849744
Midas 7          9.0  1.5  0.0  5.9
1 00622U 63030  A 90 04.70806516  .00000000  00000-0  99999-5 0  9831
2 00622  88.3907 232.2421 0022706  67.3338 292.9910  8.57923370318547
Centaur 2        8.6  3.0  0.0  5.1
1 00694U 63047  A 90108.64147798  .00004617  00000-0  75542-3 0  9436
2 00694  30.3717 330.6077 0723058 356.1170   3.4107 13.69172753302628
Secor 1 r        6.0  1.5  0.0  6.3
1 00727U 64001  A 90107.59133166  .00000187  00000-0  14218-3 0  3492
2 00727  69.9037 164.3692 0011550  65.0638 295.1644 13.93722228335509
64002A Agena D   8.0  1.5  0.0  6.0
1 00733U 64002  A 90108.01644837  .00000801  00000-0  32563-3 0  5926
2 00733  99.1358 115.8689 0036636 149.7876 210.5458 14.27256335363986
Echo 2 r         6.0  1.5  0.0  6.3
1 00741U 64004  B 90109.05990761  .00000026  00000-0  46952-4 0   632
2 00741  81.4881 149.1490 0172185 339.0811  20.3346 13.22986189266417
Transit 9        0.3  0.5  0.0 10.3
1 00801U 64026  A 90 74.28935600  .00001252  00000-0  75778-3 0    00
2 00801  90.4640 169.5230 0056070  19.5120 340.8000 14.05747560317821
64031C Agena D   8.0  1.5  0.0  6.0
1 00815U 64031  C 90104.82200452  .00000708  00000-0  31539-3 0  4764
2 00815  99.8336  62.7331 0012087 313.3843  46.6331 14.22823272338324
Cosmos 44        3.0  1.0  0.0  7.4
1 00876U 64053  A 90 93.55089442  .00001596  00000-0  33445-3 0   441
2 00876  65.0635 273.4035 0147446  23.4693 337.2989 14.56385116356347
Transtage 3      6.0  3.0  0.0  5.4
1 01001U 65008  A 90 21.31594004  .00000004  00000-0  99999-4 0  4683
2 01001  32.1429 101.4164 0016384 179.3841 180.6700  9.90726338903255
Greb r           6.0  1.5  0.0  6.3
1 01245U 65016  J 90107.65325028  .00000317  00000-0  23659-3 0  2822
2 01245  70.0752 171.6478 0021552 153.7526 206.4677 13.94522371276838
Snapshot        11.6  1.5  0.0  5.7
1 01314U 65027  A 90102.08671410  .00000070  00000-0  26375-3 0  3647
2 01314  90.3118  84.4935 0029685 176.0964 184.0364 12.91563060 92076
Transtage 4      6.0  3.0  0.0  5.4
1 01359U 65034  A 90 16.03184815  .00000003  00000-0  99999-4 0   951
2 01359  32.1202 209.9635 0489442 106.8542 258.5174  9.17112693827964
Dodecapole 2     0.3  0.0  0.0 11.0
1 01510U 65065  C 90 74.25955310  .00003761  00000-0  52440-2 0  4055
2 01510  89.9973   1.4858 0061416 271.7799  87.6291 13.56699324204658
OV1 2 r          2.0  0.7  0.0  8.2
1 01616U 65078  B 90106.15042577  .00012435  00000-0  17452-2 0  6125
2 01616 144.2428 199.9500 1483124 218.8650 129.5441 12.20966551 57080
Alouette 2 r     6.0  1.5  0.0  6.3
1 01807U 65098  C 90108.87013131  .00006342  00000-0  22485-2 0    74
2 01807  79.8384 263.8542 1427089 154.4025 213.5631 12.07010236 63630
OV1 5 r          2.0  0.7  0.0  8.2
1 02123U 66025  C 90107.31370203  .00000168  00000-0  20594-3 0  3298
2 02123 144.6427 294.6365 0047349  78.0907 282.5074 13.64460222199277
OV1 4 r          2.0  0.7  0.0  8.2
1 02124U 66025  D 90107.42504669  .00000299  00000-0  25234-3 0  6379
2 02124 144.5128 304.0906 0082554 189.7259 170.1825 13.85487590217445
OAO 1            3.0  2.2  0.0  6.4
1 02142U 66031  A 90105.15612115  .00000375  00000-0  14068-3 0  6198
2 02142  35.0482  13.4662 0008428 255.0753 104.8937 14.30943243255180
OAO 1 r          6.0  1.5  0.0  6.3
1 02144U 66031  B 90108.34288139  .00001171  00000-0  40110-3 0  8092
2 02144  35.0478 180.0531 0009273 134.8829 225.2609 14.35442461257334
Pageos (A)       2.8  0.0  0.0  6.2
1 02253U 66056  A 90108.94110364 -.00000640  00000-0 -13703 0 0  2348
2 02253  84.9248  69.4701 1745261 297.5492  45.8913  8.13000311243130
OV1 8 r          2.0  0.7  0.0  8.2
1 02328U 66063  C 90108.34251255  .00000119  00000-0  13630-3 0  2856
2 02328 144.2324 274.2149 0010076 305.4519  54.5246 13.69049209189194
Midas 8          8.0  1.5  0.0  6.0
1 02403U 66077  A 90 83.99377841  .00000000  00000-0  99999-4 0  6450
2 02403  89.7072 286.3965 0023176 266.0674  93.7534  8.59885567740769
Midas 9          8.0  1.5  0.0  6.0
1 02481U 66089  A 90 76.13454120  .00000000  00000-0  99999-4 0  1188
2 02481  90.1059 124.4500 0031263 158.7934 201.4158  8.59241879735558
Cosmos 151       2.0  1.0  0.0  7.8
1 02720U 67027  A 90 93.69758684  .00029642  00000-0  78536-3 0  5077
2 02720  56.0327 301.6203 0015485 162.5054 197.6283 15.38066538260534
Cosmos 156 r     3.8  2.6  0.0  5.9
1 02763U 67039  B 90 93.19190102  .00026144  00000-0  79191-3 0  9309
2 02763  81.1740 345.1787 0042038 291.4418  68.2070 15.33126542254008
KH 7-02 ELINT    0.3  0.9  0.0  9.0
1 02780U 67043  B 90 93.27970295  .00021214  00000-0  12267-2 0   721
2 02780  84.9436  26.4474 0079236 194.7724 165.0959 15.09465894236693
Timation 1 r     6.0  1.5  0.0  6.3
1 02826U 67053  A 90109.03244864  .00003766  00000-0  20650-2 0  4553
2 02826  69.9569 112.5432 0011418 288.8580  71.1574 14.11710129169093
Cosmos 184 r     3.8  2.6  0.0  5.9
1 03011U 67102  B 90 63.90196200  .00022960  00000-0  78190-3 0    06
2 03011  81.1710 215.8710 0070600 331.9870  27.7450 15.27977360220627
Cosmos 185 r     6.0  2.0  0.0  5.9
1 03019U 67104  B 90109.36197669  .00011863  00000-0  79277-3 0  6189
2 03019  64.0719 217.6586 0178964 184.5504 175.4216 14.94480169150759
ATS 3      
1 03029U 67111  A 90135.70436545 -.00000075  00000-0  99999-4 0  3752
2 03029  13.1509  21.4856 0015120 212.1527 147.7519  1.00273606 82469
Cosmos 192 r     7.4  2.4  0.0  5.5
1 03048U 67116  B 90 84.76942154  .00001792  00000-0  46817-3 0  7014
2 03048  74.0045 192.1645 0007327 305.1661  54.8919 14.50140641178497
Cosmos 220 r     7.4  2.4  0.0  5.5
1 03230U 68040  B 90108.03724830  .00003242  00000-0  57537-3 0  9071
2 03230  74.0482 333.3414 0046361  13.3300 346.9163 14.66508125167987
OAO 2            3.0  2.2  0.0  6.4
1 03597U 68110  A 90109.12935669  .00000841  00000-0  26565-3 0  7831
2 03597  34.9959  29.9963 0006684 319.6183  40.4145 14.40618308123287
OAO 2 r          8.6  3.0  0.0  5.1
1 03598U 68110  B 90109.55913704  .00001635  00000-0  45439-3 0  7197
2 03598  34.9956 214.7599 0057457 168.1484 192.0764 14.44711941125272
Timation 2 r     6.0  1.5  0.0  6.3
1 04159U 69082 AB 90108.01824986  .00000249  00000-0  26725-3 0  2566
2 04159  69.9676  36.3170 0118631 181.6383 178.4311 13.70524718 27477
SERT 2           7.6  1.5  0.0  6.1
1 04327U 70009  A 90 66.10078402  .00000133  00000-0  18569-3 0  3011
2 04327  99.1288 267.7683 0003352 308.4121  51.6747 13.57511229995072
Ohsumi           1.0  0.5  0.0  9.3
1 04330U 70011  A 90109.64416131  .00056933  00000-0  33141-2 0  6621
2 04330  31.0587 273.2669 1713086 172.3641 190.7132 11.92507417795978
Cosmos 332 r     7.4  2.4  0.0  5.5
1 04370U 70028  B 90 92.79515550  .00003308  00000-0  85812-3 0  7289
2 04370  74.0392 200.2238 0017872 115.0450 245.2549 14.49668641565869
Mao 1            1.0  0.0  0.0  8.4
1 04382U 70034  A 90106.19433748  .00002821  00000-0  47183-3 0  2910
2 04382  68.4490 153.3787 1153685 113.5445 259.0897 12.83421470927523
Mao 1 r          2.0  0.0  0.0  6.9
1 04392U 70034  B 90109.60381660  .00038273  00000-0  40289-2 0   563
2 04392  68.3917 304.5788 0728419  87.3074 281.1349 13.82231216956231
Cosmos 358       2.0  1.0  0.0  7.8
1 04497U 70064  A 90 64.17757800  .00087998  00000-0  38775-3 0    02
2 04497  74.0260 129.0070 0003670 339.2300  20.8400 15.84341840 91372
Cosmos 374 r     8.0  2.5  0.0  5.4
1 04597U 70089  B 90 76.21111400  .00000452  00000-0  21440-3 0    09
2 04597  62.9570 352.5690 0938190 324.3540  29.8100 12.91191500 47029
Cosmos 382       7.6  0.0  0.0  4.0
1 04786U 70103  A 90 39.34041078 -.00000009  00000-0  99999-4 0  2424
2 04786  55.8728  64.9271 1392162 291.8665  53.9878  8.42093422590280
Meteor 1-7 r     3.8  2.6  0.0  5.9
1 04850U 71003  B 90 93.27082171  .00010211  00000-0  83605-3 0  2653
2 04850  81.2038 179.6475 0083005 210.1991 149.4358 14.96493300 38610
Cosmos 398       6.2  0.0  0.0  4.4
1 04966U 71 16  A 90137.88752248  .00091991  17152-4  51528-3 0  8705
2 04966  51.5020 314.8808 2295753  90.2006 295.9763 11.00901850588357
Cosmos 422 r     7.4  2.4  0.0  5.5
1 05239U 71046  B 90 88.13748341  .00000132  00000-0  15971-3 0  3236
2 05239  74.0170  39.5602 0010774 316.9819  43.0453 13.72865078944587
Cosmos 426 r     7.4  2.4  0.0  5.5
1 05282U 71052  B 90 83.37185348  .00034629  00000-0  20397-2 0  4959
2 05282  73.9959 203.5862 0735965 163.2903 199.3970 13.96554104926896
LCS 4 r          1.1  1.2  0.0  7.9
1 05395U 71067  K 90 90.24842160  .00004181  00000-0  18215-2 0   688
2 05395  87.6331 359.1484 0077730  18.7437 341.6625 14.22202150963835
LCS 4            1.1  0.0  0.0  8.2
1 05398U 71067  E 90 92.73097056  .00001056  00000-0  46340-3 0  5711
2 05398  87.6349 359.9851 0076720  16.2058 344.1701 14.21325869128864
ASTEX            9.6  1.5  0.0  5.9
1 05560U 71089  A 90109.01126064  .00001495  00000-0  48308-3 0  3416
2 05560  92.7194 263.2788 0021138  79.7516 280.6148 14.39106293969029
Prospero         0.7  1.1  0.0  8.3
1 05580U 71093  A 90 62.19328200  .00003761  00000-0  10258-2 0    08
2 05580  82.0530 147.0220 0621170 346.4740  12.0470 13.71204400910948
Prospero r       1.4  0.7  0.0  8.6
1 05581U 71093  B 90 64.22170500  .00004071  00000-0  11186-2 0    09
2 05581  82.0470 157.0310 0626690  20.1410 342.3320 13.69917340910310
Aureole 1 r      7.4  2.4  0.0  5.5
1 05730U 71119  B 90109.26887037  .00017269  00000-0  16566-2 0  2336
2 05730  73.9342  29.6746 1085951 335.8927  19.4775 13.12105904856081
Meteor 1-11      5.0  1.5  0.0  6.5
1 05917U 72022  A 90 93.25283068  .00000603  00000-0  35811-3 0  6908
2 05917  81.2305 180.5687 0017565 148.4678 211.7539 14.06555821923728
Pageos (DA)     12.0  0.0  0.0  3.0
1 05994U 63014 DA 90 87.31757366 -.00011158  00000-0 -16129 0 0  4769
2 05994  82.6071 225.8306 2835085  15.8194 351.4829  8.21230345 24846
Cosmos 482 (E)   3.0  0.0  0.0  6.0
1 06073U 72023  E 90 64.34548000  .00024349  00000-0  29540-3 0    01
2 06073  52.0880 167.6320 3382070  86.9280 310.5870  8.73882570313966
Copernicus       3.0  2.2  0.0  6.4
1 06153U 72065  A 90108.95264072  .00001272  00000-0  31639-3 0  7881
2 06153  35.0087 341.4430 0006979 168.0141 192.0770 14.50951437934923
Copernicus r     8.6  3.0  0.0  5.1
1 06155U 72065  B 90108.62698638  .00002563  00000-0  56615-3 0   288
2 06155  35.0108 216.0988 0050512 293.5715  66.0051 14.55701783936293
Triad 1          7.3  0.6  0.0  7.2
1 06173U 72069  A 90106.05260970  .00001090  00000-0  35185-3 0  9092
2 06173  89.9932 347.8675 0060965 189.1079 170.9028 14.38226987921885
Radcat          12.2  3.0  0.0  4.8
1 06212U 72076  A 90109.35300488  .00005922  00000-0  10647-2 0  3579
2 06212  98.5985  70.8616 0011238 122.7017 237.5567 14.66689320 77318
Radsat r         1.3  0.9  0.0  8.2
1 06218U 72076  C 90 63.23148600  .00001419  00000-0  36320-3 0    06
2 06218  98.4980 332.9270 0014280  94.3030 265.9790 14.50410410920455
Intelsat4 F3 r   8.6  3.0  0.0  5.1
1 06779U 71116  B 90 62.22076900 -.00002066  00000-0 -46659-1 0    08
2 06779  28.1740 310.9260 7183940  51.4860 353.2910  2.19332130127489
Aureole 2 r      7.4  2.4  0.0  5.5
1 07004U 73107  B 90109.04499184  .00010728  00000-0  79736-3 0   924
2 07004  73.9757 106.7453 0789143 105.8978 263.0700 13.79666971801784
Meteor 1-16      5.0  1.5  0.0  6.5
1 07209U 74011  A 90 91.88699778  .00000587  00000-0  31653-3 0  9319
2 07209  81.2276  33.8713 0039030 206.1513 153.7686 14.11392965827536
Miranda          0.7  2.6  0.0  6.8
1 07213U 74013  A 90103.14018237  .00000893  00000-0  30041-3 0  5455
2 07213  97.8310 145.4236 0137226 293.1661  65.5098 14.31973197838688
Miranda r        1.5  0.5  0.0  9.1
1 07228U 74013  B 90108.05605892  .00001133  00000-0  39365-3 0  8139
2 07228  97.8307 146.7977 0126703 294.9162  63.8915 14.31156438839051
Meteor 1-17      5.0  1.5  0.0  6.5
1 07274U 74025  A 90 90.27290956  .00000629  00000-0  37480-3 0  6535
2 07274  81.2340 187.0698 0021826 138.0334 222.2508 14.06333185817416
Cosmos 673 r     3.8  2.6  0.0  5.9
1 07418U 74066  B 90 84.27471196  .00017117  00000-0  10667-2 0  4658
2 07418  81.2111 181.9433 0042061 172.9714 187.2241 15.08701781849632
Cosmos 676 r     7.4  2.4  0.0  5.5
1 07434U 74071  B 90 87.19372340  .00002726  00000-0  10272-2 0  5278
2 07434  74.0517  49.5756 0023251 250.2343 109.6292 14.31275850810916
Starlette  
1 07646U 75010  A 90136.83716742 -.00000099  00000-0 -30654-4 0   750
2 07646  49.8205 282.1899 0206159  87.7183 274.7244 13.82137218771448
GEOS 3           1.1  1.2  0.0  7.9
1 07734U 75027  A 90105.91544519  .00000288  00000-0  14349-3 0  2226
2 07734 114.9922  86.2896 0025845 283.6437  76.1757 14.16561201776221
GEOS 3 r         6.4  2.0  0.0  5.9
1 07735U 75027  B 90108.02992643  .00000341  00000-0  15552-3 0  5340
2 07735 114.9823 159.1978 0052978 301.3741  58.2111 14.20725298778350
Cosmos 744       5.0  1.5  0.0  6.5
1 07968U 75056  A 90 93.00112767  .00025554  00000-0  98165-3 0  1915
2 07968  81.2175 106.0782 0010570 320.5387  39.4743 15.26262326808484
Cosmos 744 r     3.8  2.6  0.0  5.9
1 07969U 75056  B 90 83.78317846  .00016137  00000-0  10605-2 0  4759
2 07969  81.2577 189.3801 0037020  68.9948 291.5235 15.06931611803550
COS-B r          6.4  2.0  0.0  5.9
1 08063U 75072  B 90109.55058496  .00027982  00000-0  16467-2 0  8868
2 08063  89.2335 132.0786 1902387  60.3899 317.3174 11.53509609583350
Pageos (E)       2.0  0.0  0.0  6.9
1 08064U 66056  E 90 63.39681816  .00000002  00000-0  99999-4 0  5583
2 08064  84.4062 199.0258 1865191  51.9462 323.4118  8.10115348  7141
Pageos (H)       8.6  0.0  0.0  3.7
1 08074U 66056  H 90106.62855349  .00017046  00000-0  19182 0 0  6344
2 08074  83.4255 176.0523 2895437 325.1651  18.8002  8.22012754 26348
Symphonie 2 r    6.4  2.0  0.0  5.9
1 08133U 75077  B 90109.39326881  .00025564  00000-0  21396-2 0   378
2 08133  25.3374 113.7922 0778286 314.7838  39.1865 13.78027849719095
Triad 2          7.3  0.6  0.0  7.2
1 08361U 75099  A 90109.41434190  .00047944  00000-0  24687-2 0  1329
2 08361  90.4217  96.0035 0063778 336.2727  23.5592 15.14672909782969
Cosmos 803       4.0  2.0  0.0  6.3
1 08688U 76014  A 90 84.42735471  .00003829  00000-0  27237-3 0  9628
2 08688  65.8371 220.7599 0030736 137.5576 222.8127 15.05670674772864
LAGEOS     
1 08820U 76039  A 90137.10350988  .00000002  00000-0  00000 0 0   775
2 08820 109.8544 344.4895 0044534 244.9764 114.6381  6.38664518 71957
Lageos r         1.3  0.9  0.0  8.2
1 08821U 76039  B 90109.37036627  .00184839  00000-0  41317-2 0  9448
2 08821 109.5682  73.9514 1136253  38.2940 329.4130 13.32211507561928
Pageos (AH)      1.0  0.0  0.0  8.4
1 09468U 66056 AH 90105.21769845  .00003329  00000-0  16331 1 0  9437
2 09468  84.7173 181.3413 1208891 330.7016  23.8172  8.00346489 66028
Cosmos 871 r     7.4  2.4  0.0  5.5
1 09598U 76118  J 90 79.68674783 -.00000000  00000-0  44659-4 0  7540
2 09598  74.0151 216.8306 0137325 175.4452 184.7862 12.23968409593496
Meteor 2-2       5.0  1.5  0.0  6.5
1 09661U 77002  A 90 90.69052643  .00000617  00000-0  40467-3 0  2666
2 09661  81.2649 185.1662 0009967 286.3604  73.6479 14.01136706676120
Meteor 1-28      5.0  1.5  0.0  6.5
1 10113U 77057  A 90 64.07291700  .00017851  00000-0  10288-2 0    03
2 10113  97.3490 246.0270 0032550  44.8930 315.4920 15.11984770691973
Cosmos 926 r     7.4  2.4  0.0  5.5
1 10138U 77062  B 90 87.31336454  .00000192  00000-0  19732-3 0  2213
2 10138  82.9394  31.2120 0021005 330.9839  29.0146 13.72650193634778
Sirio 1 r        6.4  2.0  0.0  5.9
1 10295U 77080  B 90104.73134166  .00000044  00000-0  25737-4 0   687
2 10295  27.1036 275.5411 0768759 280.9981  70.5175 12.47458890576340
Cosmos 951 r     7.4  2.4  0.0  5.5
1 10355U 77087  B 90 91.27226734  .00000321  00000-0  32611-3 0  2440
2 10355  82.9730 184.7194 0035715  88.2188 272.3070 13.74574675629350
Cosmos 955       5.0  1.5  0.0  6.5
1 10362U 77091  A 90 85.36776177  .00013664  00000-0  10689-2 0  9471
2 10362  81.2222  23.4861 0006949  82.4974 277.7069 15.00947993679868
Cosmos 955 r     3.8  2.6  0.0  5.9
1 10363U 77091  B 90 84.80151656  .00010501  00000-0  82869-3 0  9735
2 10363  81.2356  30.5616 0046027 292.3302  67.3091 14.99771797679606
Sakura r         6.4  2.0  0.0  5.9
1 10517U 77118  B 90108.70636305  .00007400  00000-0  16215-2 0  2212
2 10517  28.6468 299.8071 0963142 151.3215 214.4110 13.12850377588561
GPS-0001   
1 10684U 78020  A 90135.02785213  .00000008  00000-0  99999-4 0  4297
2 10684  63.7072  90.5779 0117004 199.3695 160.1636  2.00556962 75187
Yuri r           6.4  2.0  0.0  5.9
1 10793U 78039  B 90105.26182586  .00000368  00000-0  16203-3 0  4964
2 10793  28.2391 173.2512 0917205  28.5108 336.2671 12.97503925569300
DMSP F3          6.4  1.7  0.0  6.1
1 10820U 78042  A 90 85.51177696  .00002299  00000-0  97299-3 0  3362
2 10820  98.6444 269.2035 0008500 196.8606 163.2351 14.26312032618543
OTS 2 r          6.4  2.0  0.0  5.9
1 10856U 78044  B 90106.44250181  .00000018  00000-0  99999-4 0  8272
2 10856  27.9355 127.2074 1095281 216.3262 135.7735 10.29710177449254
GPS-0002   
1 10893U 78 47  A 90134.50365453 -.00000025  00000-0  00000 0 0  1848
2 10893  64.3935 331.4120 0171285  25.3619 335.5291  2.00542526 87994
Cosmos 1011 r    7.4  2.4  0.0  5.5
1 10918U 78053  B 90 87.31828149  .00000233  00000-0  22883-3 0  8120
2 10918  82.9162 183.2859 0031886  86.9075 273.5737 13.75913887594796
GOES 3 r2        6.4  2.0  0.0  5.9
1 10954U 78062  B 90108.05840999  .00001370  00000-0  46659-3 0  6311
2 10954  28.4247  97.9279 0744738 216.2831 138.4955 13.39400168578412
Seasat          21.0  1.5  0.0  5.1
1 10967U 78064  A 90135.99209436  .00000984  00000-0  38398-3 0  3335
2 10967 108.0137 253.7162 0002378 258.2124 101.8743 14.35639095621834
Cosmos 1025 r    7.4  2.4  0.0  5.5
1 10974U 78067  B 90 90.70657027  .00002682  00000-0  36326-3 0  2399
2 10974  82.4870 172.0867 0020777 354.8569   5.2413 14.78884695633542
GPS-0003   
1 11054U 78093  A 90135.79133641 -.00000024  00000-0  00000 0 0  2247
2 11054  63.9355 327.7179 0059547 117.7361 242.9100  2.00567296 85037
Tiros N          6.5  1.9  0.0  5.9
1 11060U 78096  A 90 91.57773236  .00000771  00000-0  42188-3 0   247
2 11060  98.8736 151.0461 0011718 339.0536  21.0163 14.14445812591525
Nimbus 7         3.0  2.0  0.0  6.5
1 11080U 78098  A 90135.18859138  .00000105  00000-0  12445-3 0  6760
2 11080  99.1976  40.8596 0008718 166.2796 193.8597 13.83428874583473
Cosmos 1048 r    7.4  2.4  0.0  5.5
1 11112U 78105  B 90 84.30365171  .00000857  00000-0  32483-3 0  2462
2 11112  74.0251  45.2673 0037604  97.2684 263.2781 14.32188231592907
GPS-0004   
1 11141U 78112  A 90134.39377047  .00000008  00000-0  00000 0 0  3782
2 11141  63.6997  90.4808 0060528 316.2916  43.2022  2.00558581 83703
Meteor 1-29 r    3.8  2.6  0.0  5.9
1 11252U 79005  B 90 63.61325200  .00009620  00000-0  73075-3 0    04
2 11252  97.4610 100.3880 0014860 158.6910 201.4890 15.02151630603073
In-Cosmos 19 r   7.4  2.4  0.0  5.5
1 11286U 79020  B 90109.27114715  .00007903  00000-0  73640-3 0  8129
2 11286  73.9841 189.9120 0254751  33.9086 327.8236 14.72675353592690
Cosmos 1093      5.0  1.5  0.0  6.5
1 11331U 79032  A 90 84.77185256  .00013223  00000-0  94595-3 0  8975
2 11331  81.2433 186.9500 0004337 348.8508  11.2659 15.04346144596370
Ariel 6          1.3  1.6  0.0  7.4
1 11382U 79047  A 90 64.57375400  .00080459  00000-0  18660-2 0    04
2 11382  55.0260 221.9960 0010060 234.5370 125.4000 15.41819370588254
NOAA 6           6.5  1.9  0.0  5.9
1 11416U 79057  A 90 65.45127031  .00001533  00000-0  63607-3 0  9799
2 11416  98.5260  60.2655 0012697  65.8349 294.4155 14.26531400555280
Molniya 3-12 r   2.0  2.0  0.0  6.8
1 11554U 79048  D 90 64.45477200  .00976300  00000-0  20840-3 0    07
2 11554  63.9540 123.9890 3374360 243.4080  78.3940  8.92536240 94311
Cosmos 1145 r    3.8  2.6  0.0  5.9
1 11630U 79099  B 90 93.28544717  .00010083  00000-0  87736-3 0  5132
2 11630  81.1950  19.7291 0055797 320.3888  39.3273 14.95631855561579
Cosmos 1151      6.0  2.0  0.0  5.9
1 11671U 80005  A 90 93.01136377  .00008582  00000-0  98753-3 0  6487
2 11671  82.5177  30.4300 0016892 315.2299  44.7551 14.85556499550311
GPS-0005   
1 11690U 80 11  A 90137.02792868  .00000009  00000-0  00000 0 0  9784
2 11690  64.1920  92.4833 0114903 203.9014 155.6432  2.00555600 89610
GPS-0006   
1 11783U 80 32  A 90136.83736101 -.00000024  00000-0  00000 0 0  1405
2 11783  63.6897 327.2351 0150326  60.3469 301.1958  2.00557890 73697
Cosmos 1176      6.0  2.0  0.0  5.9
1 11788U 80034  A 90 90.07098261  .00000123  00000-0  14898-3 0  9912
2 11788  64.8257  77.9461 0061076 283.4453  75.9813 13.92440001507214
Meteor 1-30      5.0  1.5  0.0  6.5
1 11848U 80051  A 90 63.93877900  .00020475  00000-0  10762-2 0    06
2 11848  97.6680 162.1520 0030150  45.5490 314.7970 15.15323800531102
Cosmos 1190 r    7.4  2.4  0.0  5.5
1 11870U 80056  B 90 85.03469391  .00001120  00000-0  42671-3 0  9664
2 11870  74.0475  54.1649 0017216 308.2684  51.7002 14.31881784508332
GOES 5     
1 12472U 81049  A 90136.76428174 -.00000224  00000-0  99999-4 0  9310
2 12472   3.2754  78.5220 0341937 225.3979 132.8109  1.00228605 31931
Intelsat 5-1 r   8.6  3.0  0.0  5.1
1 12497U 81050  B 90 91.34519867  .00015315  00000-0  33438-2 0  3058
2 12497  23.9127  96.7855 4583261 119.7068 293.5504  6.29099470171700
DE 1             1.1  1.4  0.0  7.7
1 12624U 81 70  A 90133.57773882  .00000337  00000-0  14927-2 0  4379
2 12624  89.0492 148.2345 6204235 293.7692  14.7049  3.51022766260900
Aureole 3 r      7.4  2.4  0.0  5.5
1 12849U 81094  B 90108.01463104  .00005638  00000-0  59339-3 0  2710
2 12849  82.4926  95.0438 1007788  28.7744 336.5342 13.25807611413210
SME              1.7  2.2  0.0  6.7
1 12887U 81100  A 90138.05154559  .00042560  00000-0  79518-3 0  6583
2 12887  97.6423 183.7132 0004141 137.3251 222.8395 15.48629451476605
SME r            6.4  2.0  0.0  5.9
1 12889U 81100  C 90109.18915904  .00001640  00000-0  82648-3 0  3473
2 12889  99.9076 196.6878 1351462  69.1571 304.8743 12.10327691376339
Meteor 2-8       5.0  1.5  0.0  6.5
1 13113U 82025  A 90 64.40520367  .00000249  00000-0  22350-3 0  6944
2 13113  82.5368 211.0986 0017038  52.1193 308.1523 13.84138220401379
Salyut 7        27.0  4.2  0.0  3.6
1 13138U 82 33  A 90137.74979663  .00047851  00000-0  54618-3 0  2583
2 13138  51.6012  98.1196 0002434  82.2018 277.9628 15.61713777460096
Cosmos 1383      2.1  2.0  0.0  6.7
1 13301U 82 66  A 90137.52673056  .00000100  00000-0  10560-3 0  5750
2 13301  82.9288 323.2490 0025906 245.8301 114.0142 13.67824728393483
Landsat 4        4.0  2.0  3.7  5.6
1 13367U 82 72  A 90137.77741664  .00000163  00000-0  41202-4 0  3415
2 13367  98.1681 200.9000 0002639 212.7179 147.3855 14.57134965416879
Meteor 2-9       5.0  1.5  0.0  6.5
1 13718U 82116  A 90 64.89884521  .00000780  00000-0  40907-3 0  8629
2 13718  81.2398  25.4665 0055922 335.8749  23.9833 14.13461514372520
Cosmos 1428 r    7.4  2.4  0.0  5.5
1 13758U 83001  B 90 80.26261379  .00000176  00000-0  16616-3 0  6533
2 13758  82.9101 190.7872 0027729 141.2013 219.1153 13.77119764361200
IRAS             3.6  2.0  0.0  6.3
1 13777U 83  4  A 90133.94434844 -.00000142  00000-0 -86111-4 0  7758
2 13777  99.0271 331.2727 0013664 120.6148 239.6382 13.98778414 42159
IRAS r           6.4  2.0  0.0  5.9
1 13778U 83004  B 90107.44200538  .00000303  00000-0  18344-3 0  7115
2 13778 100.0730 260.2023 0021837   9.4464 350.7074 14.06434939370696
Cosmos 1447      2.1  2.0  0.0  6.7
1 13916U 83 21  A 90133.16923176  .00000143  00000-0  14090-3 0  7246
2 13916  82.9431  37.9446 0036415 237.2158 122.5488 13.74037587357863
TDRS 1     
1 13969U 83 26  B 90137.00553923  .00000128  00000-0  99999-4 0  9893
2 13969   4.4063  66.0897 0001787 344.4157  15.3562  1.00260669 92805
Satcom 6 r       6.4  2.0  0.0  5.9
1 13985U 83030  B 90109.03094160  .00042683  00000-0  15574-2 0   530
2 13985  25.3519  21.1497 1747363 152.1356 218.5278 11.93467369290914
Cosmos 1452 r    7.4  2.4  0.0  5.5
1 13992U 83031  B 90 85.70744621  .00001588  00000-0  60998-3 0  6525
2 13992  74.0539 189.6384 0005470 121.6251 238.5430 14.31210212363146
GOES 6     
1 14050U 83 41  A 90131.95923259  .00000121  00000-0  99999-4 0  1786
2 14050   2.1360  78.8231 0002684 254.0882 105.5215  1.00277112  9900
GOES 6 r2        7.0  1.4  0.0  6.3
1 14051U 83041  B 90109.30511610  .00015398  00000-0  20181-2 0  2132
2 14051  25.3598 156.7055 1435847 244.9853  99.4970 12.32177803311244
Cosmos 1461      3.0  0.0  0.0  6.0
1 14064U 83044  A 90 93.01137949  .00003955  00000-0  69555-3 0  8713
2 14064  65.0217 215.3040 0211309 281.6041  76.1401 14.53862735258740
Exosat r         7.0  2.4  0.0  5.5
1 14096U 83051  B 90108.51552441  .00000661  00000-0  11217-2 0  7379
2 14096  72.3114 283.6466 1101756 102.3091 270.3285 12.08846650304343
OSCAR 10   
1 14129U 83 58  B 90132.33668422 -.00000029  00000-0  00000 0 0  5245
2 14129  25.9780 204.6832 5968372 142.2306 280.2867  2.05881701 23991
NOSS 5 - GB 1    0.3  0.9  2.4  8.1
1 14143U 83056  C 89289.91604800  .00000085  00000-0  15453-3 0    06
2 14143  63.4480 191.6000 0053520  45.2370 315.1960 13.40019590    00
Cosmos 1470      6.0  2.0  0.0  5.9
1 14147U 83061  A 90 84.71319415  .00004811  00000-0  66326-3 0  8794
2 14147  82.5260 179.1343 0022602 191.8750 168.2175 14.77868460118824
Cosmos 1470 r    7.4  2.4  0.0  5.5
1 14148U 83061  B 90 88.23073052  .00002224  00000-0  32464-3 0  6677
2 14148  82.5196 176.0514 0023816 187.1914 172.9004 14.75650707364082
GPS-0008   
1 14189U 83 72  A 90135.39389241  .00000007  00000-0  99999-4 0  7589
2 14189  63.3379  88.9181 0148259 219.1425 139.7575  2.00706927 50100
Cosmos 1484      5.0  1.5  0.0  6.5
1 14207U 83075  A 90 84.96551983  .00006001  00000-0  65239-3 0  6749
2 14207  97.6881 137.6792 0040951 346.5929  13.4202 14.87823233360997
Cosmos 1486 r    7.4  2.4  0.0  5.5
1 14241U 83079  B 90 84.95623273  .00000993  00000-0  38327-3 0  9747
2 14241  74.0574  62.2450 0015586  66.8022 293.4867 14.31312802346994
Satcom VII r     6.4  2.0  0.0  5.9
1 14329U 83094  B 90109.44864840  .00061600  00000-0  18129-2 0  4227
2 14329  25.4951 259.9690 1687729  77.8332 300.6082 12.09458074275796
Cosmos 1506 r    7.4  2.4  0.0  5.5
1 14451U 83108  B 90 90.83253203  .00000238  00000-0  23037-3 0  5211
2 14451  82.9295  16.5760 0035883 185.1374 174.9429 13.76540403322986
Meteor 2-10      5.0  1.5  0.0  6.5
1 14452U 83109  A 90 65.35742022  .00001555  00000-0  66434-3 0  8263
2 14452  81.1561  30.7165 0096003  61.5457 299.5352 14.22624715329810
Meteor 2-10 r    3.8  2.6  0.0  5.9
1 14453U 83109  B 90 89.23102854  .00001143  00000-0  48316-3 0  5540
2 14453  81.1730   9.5623 0108509 335.1695  24.4284 14.21914099333091
DMSP 2-2         6.4  1.7  0.0  6.1
1 14506U 83113  A 90 82.11019441  .00000602  00000-0  28810-3 0  7259
2 14506  98.4474 304.7430 0013157  24.1415 336.0386 14.22159435329064
Cosmos 1531 r    7.4  2.4  0.0  5.5
1 14625U 84003  B 90 90.18236643  .00000226  00000-0  23290-3 0  4370
2 14625  82.9306 171.2030 0023616  35.6996 324.5753 13.73126005311549
Palapa 4 r       2.3  1.5  0.0  7.1
1 14693U 84011  E 90 91.77289942  .00017142  00000-0  17552-3 0  2591
2 14693  28.1568 316.1284 0520750 352.9529   6.3963 14.78022488328323
Westar 6 r       2.3  1.5  0.0  7.1
1 14694U 84011  F 90 87.63626647  .00012526  00000-0  22170-3 0   242
2 14694  27.6667 215.2201 0573562 130.0295 235.2045 14.56280164325166
Landsat 5        4.0  2.0  3.7  5.6
1 14780U 84 21  A 90137.80456603  .00001127  00000-0  26002-3 0  1982
2 14780  98.2066 198.3248 0001423  40.4048 319.7263 14.57117566330299
Uosat 2          0.6  0.4  0.4 10.0
1 14781U 84 21  B 90136.67692711  .00001582  00000-0  30151-3 0  7351
2 14781  97.9532 190.2574 0012604 352.8905   7.2122 14.65315314331353
Cosmos 1570 r    7.4  2.4  0.0  5.5
1 15032U 84056  B 90 82.42549611  .00000869  00000-0  34467-3 0  6587
2 15032  74.0736 207.8211 0018475 355.7903   4.3120 14.30115342302029
GPS-0009   
1 15039U 84 59  A 90136.98144697  .00000006  00000-0  00000 0 0  9378
2 15039  63.1197  88.0180 0022760 243.5413 116.1915  2.00611834 43412
Cosmos 1574      2.1  2.0  0.0  6.7
1 15055U 84 62  A 90135.78481649  .00000115  00000-0  11219-3 0  8758
2 15055  82.9550  86.1953 0029276  53.8482 306.5387 13.73351537295629
Cosmos 1578 r    7.4  2.4  0.0  5.5
1 15081U 84068  B 90 64.24752600  .00471685  00000-0  11981-2 0    02
2 15081  50.6380 354.5690 0175820 194.8260 164.7390 15.73425990295274
Meteor 2-11      5.0  1.5  0.0  6.5
1 15099U 84072  A 90 67.30906800  .00000521  00000-0  47051-3 0    15
2 15099  82.5345 156.3051 0011958 213.5115 146.5285 13.83802585286646
CCE 1 r          7.0  1.4  0.0  6.3
1 15202U 84088  D 90105.61560268  .00000750  00000-0  47895-3 0  6262
2 15202  28.9286 173.9020 2020473 351.4386   5.6164 10.74484404222203
GPS-0010   
1 15271U 84 97  A 90134.39189235 -.00000025  00000-0  00000 0 0  8302
2 15271  63.2330 326.9092 0105329 326.7682  32.6014  2.00575074 40471
Cosmos 1602      6.0  2.0  0.0  5.9
1 15331U 84105  A 90135.71997154  .00003222  00000-0  44121-3 0  2911
2 15331  82.5385  31.0043 0025301  78.9727 281.4323 14.77998791303290
Cosmos 1603      3.0  0.0  0.0  6.0
1 15333U 84106  A 90107.64418743  .00000544  00000-0  29351-3 0  5417
2 15333  71.0281 327.8653 0025879 162.3219 197.8792 14.12462535286209
ERBS             4.4  1.5  0.0  6.6
1 15354U 84108  B 90107.73760485  .00002472  00000-0  24861-3 0  9984
2 15354  56.9988   4.8588 0006545 144.6853 215.4593 14.90850595300243
NATO 3D r        6.4  2.0  0.0  5.9
1 15392U 84115  B 90108.56874022 -.00000112  00000-0 -17127-3 0  3958
2 15392  21.4942 228.7588 1042641  37.5380 329.3835 12.43494275246756
Cosmos 1610 r    7.4  2.4  0.0  5.5
1 15399U 84118  B 90 89.46007049  .00000267  00000-0  26805-3 0  4966
2 15399  82.9491 172.0680 0032968 190.2634 169.7862 13.74808972269408
KH 11-6         15.0  3.0  0.0  4.6
1 15423U 84122  A 89230.18562679  .00000000  00000-0  00000-0 0    01
2 15423  97.8905 293.2464 0511673 319.7097  36.4055 14.73946362    02
NOAA 9           7.5  1.9  0.0  5.8
1 15427U 84123  A 90138.09117387  .00000560  00000-0  32337-3 0  5813
2 15427  99.1671 137.2237 0016305  93.3333 266.9702 14.12563867279731
Meteor 2-12      5.0  1.5  0.0  6.5
1 15516U 85013  A 90 67.08140928  .00000230  00000-0  20562-3 0  1613
2 15516  82.5344  94.8542 0018263  93.1275 267.1971 13.84288846257565
Cosmos 1631      4.0  2.0  0.0  6.3
1 15584U 85018  A 90 84.76482687  .00066414  00000-0  90126-3 0  2494
2 15584  65.8361 224.1376 0023754 269.1793  90.6675 15.56928361283379
Geosat           2.0  1.5  0.0  7.2
1 15595U 85021  A 90 86.89174780  .00001858  00000-0  74058-3 0  7883
2 15595 108.0420  64.6240 0002320 276.7953  83.2999 14.31698227263408
Cosmos 1677      6.0  2.5  0.0  5.6
1 15986U 85075  A 90 83.68841710  .00000052  00000-0  75332-4 0  4232
2 15986  64.6792 203.4673 0081356 295.0311  64.2334 13.85941738223541
Cosmos 1686
1 16095U 85 86  A 90128.85303292  .00038332  00000-0  45193-3 0  6294
2 16095  51.6000 142.9498 0002246  51.1147 309.0468 15.60973509458704
Cosmos 1689 r    3.8  2.6  0.0  5.9
1 16111U 85090  B 90 91.57036843  .00006815  00000-0  75485-3 0  5962
2 16111  97.7658 151.3368 0059656 339.2362  20.6418 14.86069826243123
GPS-0011   
1 16129U 85 93  A 90135.07235926  .00000007  00000-0  00000 0 0  5325
2 16129  63.8640  89.0565 0121923 149.4056 211.2895  2.00510822 33697
Cosmos 1697 r   10.4  3.9  0.0  4.6
1 16182U 85097  B 90109.37755982  .00000615  00000-0  31834-3 0  1460
2 16182  71.0016 341.4157 0006151  53.2009 306.9678 14.14821231232195
Meteor 3-1       5.0  1.5  0.0  6.5
1 16191U 85100  A 90 66.99914949  .00000043  00000-0  99999-4 0  8992
2 16191  82.5391  49.2076 0020724   3.4921 356.6341 13.16895667210249
Cosmos 1703      6.0  2.0  0.0  5.9
1 16262U 85108  A 90 92.41535657  .00006639  00000-0  91127-3 0   982
2 16262  82.5024  31.3927 0021429 155.0660 205.1570 14.78119646234507
Cosmos 1709 r    7.4  2.4  0.0  5.5
1 16369U 85116  B 90 89.62914549  .00000235  00000-0  23158-3 0  3640
2 16369  82.9419 169.8440 0033047 223.4762 136.3794 13.75424474214725
Meteor 2-13      5.0  1.5  0.0  6.5
1 16408U 85119  A 90 66.86986499  .00000370  00000-0  33090-3 0  5751
2 16408  82.5328   9.8531 0015031 285.8040  74.1457 13.84304265212034
Cosmos 1727 r    7.4  2.4  0.0  5.5
1 16511U 86008  B 90 90.28257867  .00000303  00000-0  30709-3 0  3687
2 16511  82.9483  24.4623 0031671 345.5724  14.4531 13.74562931209931
Mir Complex     32.7  4.2  0.0  3.4
1 16609U 86 17  A 90137.73860412  .00026855  00000-0  33576-3 0  6636
2 16609  51.6131 124.1568 0011085 301.4240  58.5646 15.59553661243343
Spot 1           4.7  1.8  1.8  6.0
1 16613U 86 19  A 90137.63389859  .00000498  00000-0  25147-3 0  9502
2 16613  98.7339 212.4670 0000132  23.1211 336.9988 14.20015483 59598
Meteor 2-14      5.0  1.5  0.0  6.5
1 16735U 86039  A 90 66.96259658  .00000224  00000-0  20101-3 0  3594
2 16735  82.5342  36.7409 0014987 358.8713   1.2409 13.84053331190941
Meteor 2-14 r    7.4  2.4  0.0  5.5
1 16736U 86039  B 90 93.23223937  .00000117  00000-0  98796-4 0  2895
2 16736  82.5401  15.1328 0011938 289.8690  70.1191 13.84305674194632
Cosmos 1763 r    7.4  2.4  0.0  5.5
1 16864U 86052  B 90 91.32556617  .00002231  00000-0  78582-3 0  4929
2 16864  74.0207  49.3030 0034587  40.6435 319.7344 14.34489845194178
Cosmos 1766      6.0  2.0  0.0  5.9
1 16881U 86 55  A 90137.93856156  .00002965  00000-0  41103-3 0  9951
2 16881  82.5201  88.0285 0024331  88.6306 271.7704 14.77491308204681
Cosmos 1766 r    7.4  2.4  0.0  5.5
1 16882U 86055  B 90104.74686791  .00001173  00000-0  17226-3 0  5653
2 16882  82.5212 119.1286 0022294 196.0337 164.0290 14.75409504199744
EGP              2.2  0.0  0.0  6.7
1 16908U 86 61  A 90136.83742943  .00000012  00000-0  39252-3 0  2231
2 16908  50.0103 352.3714 0011605 113.8362 246.3777 12.44387250170951
EGP r           13.5  2.5  0.0  4.9
1 16910U 86061  C 90108.64545973 -.00000025  00000-0  99999-4 0  1819
2 16910  50.0089 170.9390 0070492 146.9856 213.5405 12.32357181165837
NOAA 10          7.5  1.9  0.0  5.8
1 16969U 86 73  A 90134.25861603  .00000589  00000-0  27532-3 0  4295
2 16969  98.6039 162.9598 0014170  13.4663 346.6884 14.23593234189782
Cosmos 1805      6.0  2.0  0.0  5.9
1 17191U 86097  A 90 92.95243652  .00004382  00000-0  59771-3 0  1626
2 17191  82.5138 178.6652 0017210 305.1195  54.8084 14.78386860178329
Cosmos 1805 r    7.4  2.4  0.0  5.5
1 17192U 86097  B 90 87.29869744  .00002533  00000-0  36704-3 0  5085
2 17192  82.5116 184.2518 0019225 333.1454  26.8786 14.76034401177446
Meteor 2-15      5.0  1.5  0.0  6.5
1 17290U 87001  A 90 66.99992907  .00000322  00000-0  29089-3 0  3374
2 17290  82.4687 302.1596 0011562 245.3000 114.6950 13.83868724160105
Cosmos 1818      4.0  0.0  0.0  5.4
1 17369U 87011  A 90108.52896013  .00000281  00000-0  10885-3 0  4086
2 17369  65.0107 128.6124 0009916 280.0433  79.9521 14.29874351219083
MOS 1            2.4  1.5  1.3  7.0
1 17527U 87 18  A 90137.65732224 -.00000026  00000-0 -61159-5 0  5462
2 17527  99.1098 210.5987 0000989 118.9672 241.1526 13.94874967165003
MOS 1 r         10.3  2.5  0.0  5.2
1 17528U 87018  B 90 91.74790348  .00003413  00000-0  92339-3 0  4599
2 17528  97.4771  25.8501 0177458 260.7075  97.3992 14.39352786163423
GOES 7     
1 17561U 87 22  A 90136.64283460 -.00000066  00000-0  99999-4 0  5371
2 17561   0.0185 289.7270 0013510  55.2428  15.2452  1.00301306  5106
GOES 7 r2        7.0  1.4  0.0  6.3
1 17562U 87022  B 90109.39916808  .00166725  00000-0  16738-2 0  8637
2 17562  21.7127 114.9457 1306338 239.8070 106.6650 13.07039648135944
Cosmos 1833      3.0  0.0  0.0  6.0
1 17589U 87027  A 90 81.72019998  .00000192  00000-0  12603-3 0  3516
2 17589  70.9254 204.7089 0008620 211.8058 148.2493 14.12300669155374
Kvant-1    
1 17845U 87 30  A 90128.95811072  .00011416  00000-0  15015-3 0  1312
2 17845  51.6126 168.2843 0011924 258.1713 101.9722 15.58926778241977
Cosmos 1844 r   10.4  3.9  0.0  4.6
1 17974U 87041  B 90103.92160615 -.00000007  00000-0  67913-5 0  3411
2 17974  71.0075 281.5649 0012599  53.3781 306.8473 14.15686970150945
DMSP 2-3         7.5  1.9  0.0  5.8
1 18123U 87 53  A 90137.84027474  .00000561  00000-0  31470-3 0  5877
2 18123  98.8207 328.8502 0015429 107.7237 252.5622 14.14020124150118
Cosmos 1861      2.1  2.0  0.0  6.7
1 18129U 87 54  A 90137.90441671  .00000369  00000-0  39482-3 0  1930
2 18129  82.9276 350.9038 0011345 196.2205 163.8574 13.72088384145293
Cosmos 1861 r    7.4  2.4  0.0  5.5
1 18130U 87054  B 90 90.27681295  .00000380  00000-0  38659-3 0  2780
2 18130  82.9265  22.4689 0018843  45.7624 314.5077 13.75052840139027
Cosmos 1867      4.0  0.0  0.0  5.4
1 18187U 87060  A 90 92.97493647  .00000230  00000-0  12551-3 0  1506
2 18187  65.0131 293.6974 0012767 260.8003  99.1660 14.29549041142541
Meteor 2-16      5.0  1.5  0.0  6.5
1 18312U 87 68  A 90137.01522077  .00000219  00000-0  18868-3 0  4258
2 18312  82.5532 315.0025 0013035 348.2335  11.8518 13.83643717138670
Cosmos 1892      6.0  2.0  0.0  5.9
1 18421U 87088  A 90 93.04945813  .00005574  00000-0  76683-3 0  7466
2 18421  82.5071  83.8078 0018890 254.2084 105.6965 14.78027850132039
KH 11-7         15.0  3.0  0.0  4.6
1 18441U 87090  A 89229.94624584  .00000000  00000-0  00000-0 0    07
2 18441  97.8115 341.5279 0523711 164.4891 197.1785 14.73925049    06
Cosmos 1898 r    7.4  2.4  0.0  5.5
1 18586U 87098  B 90 84.77984515  .00001396  00000-0  52983-3 0  3204
2 18586  74.0070 190.2764 0023225  74.1240 286.2492 14.31823501120913
Cosmos 1900      6.0  2.5  0.0  5.6
1 18665U 87101  A 90 92.44571689  .00000389  00000-0  98804-4 0  9978
2 18665  66.0866 120.5436 0044310 317.6932  42.0716 14.50039939126781
Meteor 2-17      5.0  1.5  0.0  6.5
1 18820U 88  5  A 90136.25018662  .00000198  00000-0  16801-3 0  2764
2 18820  82.5461  15.8491 0018104  56.6058 303.6829 13.84337533115760
DMSP 2-4         6.4  1.7  0.0  6.1
1 18822U 88  6  A 90137.86354860  .00000545  00000-0  26633-3 0  4872
2 18822  98.6535  17.5191 0007108   7.7795 352.3493 14.21424818118514
IRS-1A           3.0  0.0  0.0  6.0
1 18960U 88021  A 90 84.59181148  .00000300  00000-0  21808-3 0  9020
2 18960  98.9728 154.6488 0013422 118.2913 241.9642 13.96256167  6484
IRS-1A r         3.8  2.6  0.0  5.9
1 18961U 88021  B 90 85.12255242  .00000271  00000-0  18281-3 0  2085
2 18961  98.9496 157.6657 0045807  55.2777 305.2726 13.99988780103322
Cosmos 1937 r    7.4  2.4  0.0  5.5
1 19039U 88029  B 90 84.88430014  .00001212  00000-0  44986-3 0  2812
2 19039  74.0524 191.1633 0029555 295.2053  64.6224 14.33007873102993
Cosmos 1939      5.0  1.5  0.0  6.5
1 19045U 88032  A 90 93.00505173  .00005254  00000-0  64934-3 0  7658
2 19045  97.8710 154.5225 0026248 226.8604 133.0295 14.82628802105524
Cosmos 1939 r    3.8  2.6  0.0  5.9
1 19046U 88032  B 90 85.03441913  .00003149  00000-0  44304-3 0  3076
2 19046  97.8919 143.4470 0055100 153.9958 206.4074 14.77005947 91129
Cosmos 1943      3.0  0.0  0.0  6.0
1 19119U 88039  A 90 92.99626462  .00000163  00000-0  10795-3 0  7222
2 19119  71.0063  61.4603 0011283  20.8876 339.2651 14.13073464 97127
Cosmos 1943 r   10.4  3.9  0.0  4.6
1 19120U 88039  B 90109.42764950  .00000202  00000-0  99368-4 0  6144
2 19120  71.0095  17.5345 0025489 253.4910 106.3411 14.17283816 99740
AO-13      
1 19216U 88 51  B 90135.35859508  .00000197  00000-0  99999-4 0  1271
2 19216  57.0525 155.0769 6950293 227.1818  48.5912  2.09695352 14714
Okean 1          4.0  0.0  0.0  5.4
1 19274U 88 56  A 90137.91511268  .00002601  00000-0  36537-3 0  7920
2 19274  82.5175 186.6834 0021113 217.8262 142.1553 14.76919549100451
Meteor 3-2       5.0  1.5  0.0  6.5
1 19336U 88 64  A 90135.90042628  .00000391  00000-0  99999-3 0  4858
2 19336  82.5386 300.2730 0018059  36.5334 323.6920 13.16891154 86703
NOAA 11          7.5  1.9  0.0  5.8
1 19531U 88 89  A 90137.75947853  .00000840  00000-0  48291-3 0  2789
2 19531  98.9808  86.0377 0012418  15.2834 344.8722 14.11592059 84675
TDRS 2     
1 19548U 88 91  B 90122.86902574  .00000109  00000-0  99999-4 0  1225
2 19548   0.0198 179.4030 0003266 252.7651 287.8809  1.00213328  4989
KH 11-8 ?       15.0  3.0  0.0  4.6
1 19625U 88099  A 90 92.12750900  .00023651  00000-0  57929-3 0    06
2 19625  97.8009 162.7090 0313645 191.5804 167.4425 15.02967541    02
Cosmos 1980 r   10.4  3.9  0.0  4.6
1 19650U 88102  B 90108.04306431  .00000236  00000-0  12280-3 0  2034
2 19650  70.9968 341.5107 0014107 155.5466 204.6395 14.14451149 72178
Lacrosse        18.0  4.5  0.0  3.9
1 19671U 88106  B 90 97.09593200  .00002200  00000-0  39470-3 0    03
2 19671  56.9700 115.5600 0015000 275.0000   0.0000 14.66345200    02
Cosmos 1992      2.0  1.0  0.0  7.8
1 19769U 89005  A 90 96.01991104  .00000672  00000-0  26270-3 0  2542
2 19769  74.0489 298.0119 0023758 158.0612 202.1562 14.31201590 62130
Cosmos 2001
1 19796U 89 11  A 90137.28821799 -.00001066  00000-0  99999-4 0  4782
2 19796  63.1920  96.7877 7101441 319.9316   5.0787  2.00567306  9183
GPS BII-01 
1 19802U 89 13  A 90137.05503174  .00000016  00000-0  99999-4 0  1286
2 19802  55.0609 198.6467 0055947 164.5925 195.8384  2.00643822  9127
Akebono          1.0  0.0  0.0  8.4
1 19822U 89 16  A 90137.68135689  .00031859  00000-0  22955-2 0  6024
2 19822  75.1215 253.7006 4185310 241.2468  70.7401  7.08961520 31266
Meteor 2-18      5.0  1.5  0.0  6.5
1 19851U 89 18  A 90136.28567566  .00000243  00000-0  20864-3 0  2269
2 19851  82.5210 253.8688 0016075  93.2554 267.0444 13.83967826 61154
TDRS 3     
1 19883U 89 21  B 90128.48589593 -.00000235  00000-0  99999-4 0  1273
2 19883   0.0099  76.3162 0000597 173.2228 110.4748  1.00269319  3492
GPS BII-02 
1 20061U 89 44  A 90135.24962722 -.00000032  00000-0  00000 0 0  1331
2 20061  54.8022  17.1844 0084016 173.3576 186.7998  2.00487261  6833
Navstar 2-02 r   2.3  1.5  0.0  7.1
1 20063U 89044  C 90 52.60032048  .00531567 -27655-5  22748-2 0  4386
2 20063  37.3750 182.7463 5215902 114.0045 308.0263  5.43875206 11530
Cosmos 2027 r    7.4  2.4  0.0  5.5
1 20065U 89045  B 90 93.44189809  .00043405  00000-0  10861-2 0  3913
2 20065  65.8342 222.6272 0027762 227.3607 132.5053 15.39465538 44834
Nadezhda         2.1  2.0  0.0  6.7
1 20103U 89 50  A 90135.90284800  .00000109  00000-0  10465-3 0  1257
2 20103  82.9563 308.7985 0038418 126.1756 234.2959 13.73587854 43285
Cosmos 2033      6.0  0.0  0.0  4.5
1 20147U 89058  A 90 85.75021345  .00025939  00000-0  42921-3 0  5033
2 20147  65.0041 225.8205 0009748 270.9433  89.1622 15.52093763 38147
Cosmos 2034 r    7.4  2.4  0.0  5.5
1 20150U 89059  B 90107.40237988  .00000108  00000-0  11385-3 0  1371
2 20150  82.9363 251.2274 0029001 251.5213 108.2782 13.74520220 36547
GPS BII-03 
1 20185U 89 64  A 90135.20864478  .00000016  00000-0  99999-4 0  1268
2 20185  54.9279 199.5760 0024523 156.3286 203.8620  2.00627610  5402
Navstar 2-03 r   2.3  1.5  0.0  7.1
1 20187U 89064  C 90 85.03486106  .02632786  34418-5  91675-3 0  4192
2 20187  37.6189 302.2302 3220671 193.2613 155.8228  9.21918054 12713
Cosmos 2037      3.0  0.0  0.0  6.0
1 20196U 89068  A 90108.85529373  .00000046  00000-0  34191-3 0  2577
2 20196  73.5699  32.4870 0025839 300.2543  59.5969 12.40442701 29006
Cosmos 2037 r    7.4  2.4  0.0  5.5
1 20197U 89068  B 90101.30945291 -.00000007  00000-0  00000-0 0   353
2 20197  73.5643  42.4556 0023944 310.7104  49.1870 12.40693476 28071
In-Cosmos 24     4.0  0.0  0.0  5.4
1 20261U 89 80  A 90137.70795509  .00001521  00000-0  47623-3 0  5022
2 20261  82.5942 247.9099 1258362  47.3516 322.6968 12.43689834 28808
In-Cosmos 24 r   7.4  2.4  0.0  5.5
1 20262U 89 80  C 90136.29305964  .00000701  00000-0  21568-3 0  2350
2 20262  82.5964 248.8460 1261795  50.6795 319.9482 12.43173530 28626
Magion 2         0.3  0.3  0.2 11.2
1 20281U 89 80  B 90137.68312931  .00001822  00000-0  56806-3 0  5022
2 20281  82.5931 247.8641 1258072  47.2947 322.7391 12.43929444 28800
GPS BII-04 
1 20302U 89 85  A 90135.47393960 -.00000028  00000-0  99999-4 0  1280
2 20302  54.6500 318.4011 0032265 318.1583  41.5954  2.00376060  4213
Navstar 2-4 r1   5.9  2.4  0.0  5.7
1 20303U 89085  B 90109.09606002  .00010597  00000-0  13359-2 0  1694
2 20303  35.6463  42.9887 0327635  73.6599 289.9851 14.49916863 26067
Meteor 3-3       5.0  1.5  0.0  6.5
1 20305U 89 86  A 90135.37076290  .00000021  00000-0  42912-4 0  1260
2 20305  82.5491 241.1298 0017445  52.2776 307.9923 13.15856355 26630
COBE             4.9  8.5  0.0  3.9
1 20322U 89 89  A 90136.08860498  .00004252  00000-0  28046-2 0  1295
2 20322  99.0184 146.6303 0009812  98.1534 262.0741 14.02078677 24993
COBE r           7.0  2.4  0.0  5.6
1 20323U 89089  B 90108.05770199  .00001083  00000-0  32815-3 0   726
2 20323  97.0739  95.4800 0080636 184.1923 175.8634 14.40481777 21655
Kvant-2    
1 20335U 89 93  A 90128.95808275  .00067218  00000-0  84593-3 0  2298
2 20335  51.6244 168.2660 0009783 265.0053  94.9817 15.58963606241974
GPS BII-05 
1 20361U 89 97  A 90134.23449072  .00000015  00000-0  99999-4 0   797
2 20361  54.9699 141.6148 0062040  50.1010 310.4793  2.00579149  3041
Navstar 2-5 r1   5.9  2.4  0.0  5.7
1 20362U 89097  B 90109.46505171  .00006099  00000-0  74235-3 0  1455
2 20362  35.6384 144.4663 0325996  31.1135 330.8442 14.51445614 18693
Cosmos 2056      2.0  1.0  0.0  7.8
1 20432U 90004  A 90 48.61316750  .00000134  00000-0  51997-4 0   213
2 20432  74.0360 264.2249 0024233 282.9758  76.8658 14.29717088  4288
Cosmos 2056 r    7.4  2.4  0.0  5.5
1 20433U 90004  B 90 87.30320844  .00001877  00000-0  70350-3 0   388
2 20433  74.0349 193.6101 0036632 220.4789 139.3741 14.31324579  9831
Spot 2           4.7  1.8  1.8  6.0
1 20436U 90  5  A 90137.66925102  .00000438  00000-0  22338-3 0  2012
2 20436  98.7339 212.5551 0001326  91.6960 268.4333 14.20019778 16410
UOSAT 3          0.3  0.3  0.6 10.0
1 20437U 90  5  B 90137.70993177  .00000459  00000-0  19875-3 0  1446
2 20437  98.6952 213.9045 0010321 244.6817 115.3306 14.28601795 16515
UOSAT 4          0.3  0.3  0.6 10.0
1 20438U 90  5  C 90136.25732382  .00001051  00000-0  43678-3 0   823
2 20438  98.6986 212.4449 0009256 243.1265 116.8985 14.28357248 16308
PACSAT     
1 20439U 90  5  D 90136.16125611  .00000929  00000-0  38513-3 0   785
2 20439  98.7034 212.4355 0010532 246.5541 113.4540 14.28707615 16298
DO-17      
1 20440U 90  5  E 90136.29839382  .00000479  00000-0  20627-3 0   808
2 20440  98.7031 212.5803 0010641 246.7308 113.2754 14.28749133 16319
WO-18      
1 20441U 90  5  F 90138.11039346  .00000433  00000-0  18766-3 0   805
2 20441  98.7036 214.4021 0011372 240.2626 119.7427 14.28851339 16570
LO-19      
1 20442U 90  5  G 90136.07420874  .00000422  00000-0  18344-3 0   797
2 20442  98.7049 212.3813 0011375 250.8254 109.1702 14.28917047 16284
Spot 2 r         9.9  2.6  0.0  5.2
1 20443U 90005  H 90 73.07307068  .00000638  00000-0  24639-3 0   318
2 20443  98.6088 149.0480 0012264  51.4504 308.7757 14.30209814  7280
GPS BII-06 
1 20452U 90  8  A 90133.39933581  .00000001  00000-0  99999-4 0   741
2 20452  54.5888 257.3903 0030965  44.6887 315.5533  2.00876723  2149
Navstar 2-6 r1   5.9  2.4  0.0  5.7
1 20453U 90008  B 90109.51161677  .00006383  00000-0  77353-3 0   768
2 20453  35.6399 177.3829 0587131  42.9923 321.5209 14.05332614 11904
Cosmos 2058      6.0  2.0  0.0  5.9
1 20465U 90010  A 90 52.05250576  .00002473  00000-0  37711-3 0   262
2 20465  82.5082 306.3255 0022850 201.4816 158.5500 14.73794878  3181
Cosmos 2058 r    7.4  2.4  0.0  5.5
1 20466U 90010  B 90 57.13960967  .00001501  00000-0  22415-3 0   175
2 20466  82.5064 301.6148 0022858 187.2711 172.8185 14.74059308  3927
Cosmos 2059      2.0  0.0  0.0  6.9
1 20476U 90012  A 90 64.75925635  .00317204  00000-0  89334-3 0   800
2 20476  65.8312 303.0647 1302575 136.3231 234.8687 13.22822832  3555
Cosmos 2059 r    7.4  2.4  0.0  5.5
1 20477U 90012  B 90 65.03457425  .00615528  00000-0  11236-2 0   928
2 20477  65.8433 301.5565 1244640 135.3498 235.4890 13.39782405  3613
MOS 1-B          2.4  1.5  1.3  7.0
1 20478U 90 13  A 90137.68397268  .00000236  00000-0  20136-3 0  2565
2 20478  99.1892 208.0283 0001519 118.1407 242.0053 13.94829509 13888
Orizuru          1.9  0.5  0.0  8.8
1 20479U 90013  B 90 66.25543317 -.00000009  00000-0 -20926-4 0   193
2 20479  99.0518 131.9584 0540229 279.3893  74.6534 12.83148607  3675
FO-20      
1 20480U 90 13  C 90136.04441588  .00000027  00000-0  10967-3 0   772
2 20480  99.0411 188.6183 0541794 121.3290 244.1992 12.83133338 12620
MOS 1-B r        6.0  2.4  0.0  5.7
1 20491U          90126.58440591 0.00000094           22256-3 0   757
2 20491  99.0477 183.4396 0471396 128.6119 235.8183 13.02738023 10983
Soyuz TM-9 
1 20494U 90 14  A 90128.82990727  .00011410  00000-0  15015-3 0  1294
2 20494  51.6173 168.9333 0011391 266.6715  93.4674 15.58915886241955
LACE             2.0  0.0  0.0  6.9
1 20496U 90 15  A 90138.04759175  .00007028  00000-0  43438-3 0  1450
2 20496  43.0929 128.2771 0013788 170.0624 190.0585 15.10244426 13961
RME              2.0  0.0  0.0  6.9
1 20497U 90 15  B 90137.34647431  .00013516  00000-0  39044-3 0  1462
2 20497  43.1061 113.5118 0015235 149.8840 210.2896 15.35430983 14092
90015C           2.0  0.0  0.0  6.9
1 20498U          90 81.09953213 0.00059706           13764-2 0   454
2 20498  41.6300  68.4127 0038152  27.2360 333.0469 15.40934956  5476
Raduga 25  
1 20499U          90 81.06833755 0.00000001           10000-3 0   400
2 20499   1.4006 274.1312 0004873 103.7390 255.0465  1.00264606   352
1990 016D  
1 20502U 90 16  D 90 84.10001850  .00000154  00000-0  99999-4 0   126
2 20502   1.4209 273.2174 0037369  64.0442 295.2518  1.00014886   405
90017A           2.1  2.0  0.0  6.7
1 20508U 90 17  A 90135.36817123  .00000116  00000-0  11329-3 0   764
2 20508  82.9553  84.1048 0046401  77.6229 283.0115 13.73206338 10504
90017B           7.4  2.4  0.0  5.5
1 20509U          90 87.68788679 0.00000347           35298-3 0   296
2 20509  82.9522 119.2241 0041578 186.2581 173.8063 13.74435282  3967
90018A           6.0  2.0  0.0  5.9
1 20510U 90 18  A 90137.96977545  .00001963  00000-0  30122-3 0  1428
2 20510  82.5246 125.5511 0020524  18.0590 342.1317 14.73051055 11625
Okean 2 r        7.4  2.4  0.0  5.5
1 20511U 90018  B 90 93.74028808  .00001785  00000-0  27353-3 0   204
2 20511  82.5298 166.2486 0020261 152.7574 207.4698 14.73044299  5116
Progress M3
1 20513U 90 20  A 90109.79257418  .00048891  00000-0  53248-3 0   631
2 20513  51.6193 264.5825 0013366  45.9608 314.3147 15.62809033  7794
USA 53          20.0  0.0  0.0  1.9
1 20516U 90019  B 90 60.43932272  .00320000  00000-0  48444-3 0    49
2 20516  61.9930 174.9679 0008996 262.5429 126.3620 16.04000000   178
Intelsat 6-3     6.4  3.6  0.0  5.1
1 20523U 90 21  A 90137.95510681  .00005289  00000-0  36658-3 0  1446
2 20523  28.3473 101.8875 0015458 215.1631 144.7858 15.03324764  9891
Cosmos 2060      6.0  0.0  0.0  4.5
1 20525U 90 22  A 90116.74325817  .00006881  00000-0  11809-3 0  1224
2 20525  65.0254 293.0192 0009915 265.8547  94.0928 15.51981409  6691
Cosmos 2061      2.1  2.0  0.0  6.7
1 20527U          90110.23391170 0.00000127           12989-3 0   209
2 20527  82.9406 188.7193 0030435 184.8026 175.2840 13.71244824  4285
Cosmos 2061 r    7.4  2.4  0.0  5.5
1 20528U 90 23  B 90116.25209824  .00000318  00000-0  33441-3 0   711
2 20528  82.9402 184.2292 0025359 154.1527 206.0898 13.72643528  5101
GPS BII-07 
1 20533U 90 25  A 90134.00812371 -.00000032  00000-0  00000 0 0   466
2 20533  55.0667  17.3062 0033714  99.3306 261.0974  2.00595451   911
Navstar 2-7 r2   2.3  1.5  0.0  7.1
1 20535U 90 25  C 90119.93776890  .00236304  16509-4  17720-2 0   779
2 20535  37.5934 350.2506 5957213 233.0842  56.2815  4.22207149  1462
1990 026A  
1 20536U 90 26  A 90122.10370766 -.00001185  00000-0  99999-4 0   780
2 20536  62.9350  19.4659 7361653 318.4665   4.7275  2.00601511   721
1990 026B  
1 20537U 90 26  B 90109.68250342  .02917281  40186-4  12958-2 0   444
2 20537  62.7477 297.4607 0099738 120.8422 240.2949 16.10700131  3634
1990 026D  
1 20539U 90 26  D 90123.19890815 -.00000836  00000-0  35903-4 0   467
2 20539  63.1476  18.9963 7337411 318.6473   4.7855  2.03011371   773
Offeq 2          2.3  1.0  0.0  7.7
1 20540U 90 27  A 90137.39434968  .00798310 -15169-4  20148-2 0  1089
2 20540 143.2051 336.3225 0736146  29.4148 334.8651 14.50942438  6262
Offeq 2 r        1.0  0.0  0.0  8.4
1 20541U 90 27  B 90123.04805883  .00708832 -16106-4  16657-2 0   794
2 20541 143.1984 260.2975 0736069 284.9261  66.9139 14.51751386  4221
Pegsat           2.0  0.0  0.0  6.9
1 20546U 90 28  A 90137.54360920  .00012494  00000-0  78585-3 0   914
2 20546  94.1219 198.8303 0153885  82.5020 279.3750 14.99836901  6249
Pegsat r         1.0  0.0  0.0  8.4
1 20547U 90 28  B 90122.74447785  .00003392  00000-0  26009-3 0   760
2 20547  94.1448 191.0320 0130894 131.0001 230.2685 14.95392931  4025
Cosmos 2064
1 20549U          90116.01026782 0.00000057           43968-3 0   404
2 20549  73.9807 224.1524 0017296 242.0227 117.9069 12.47018719  2487
Cosmos 2065
1 20550U 90 29  B 90123.10692118 -.00000007  00000-0  00000 0 0   410
2 20550  73.9831 214.6497 0008708 267.9873  92.0182 12.48998567  3377
Cosmos 2066
1 20551U          90115.81425470 -.00000007                   0   403
2 20551  73.9816 223.8136 0049303  55.5001 305.0697 12.59478807  2484
Cosmos 2067
1 20552U          90116.00096998 -.00000007                   0   405
2 20552  73.9808 223.6499 0039668  63.6918 296.8202 12.57707620  2504
Cosmos 2068
1 20553U          90116.10683679 -.00000007                   0   405
2 20553  73.9825 223.5724 0030768  57.5033 302.8992 12.56043351  2514
Cosmos 2069
1 20554U          90116.05451226 -.00000006                   0   400
2 20554  73.9822 223.7680 0021679  55.3317 304.9776 12.54315162  2509
Cosmos 2070
1 20555U 90 29  G 90120.39446764 -.00000024  00000-0 -11083-3 0   414
2 20555  73.9810 218.0025 0013351  33.6226 326.5671 12.52583315  3042
Cosmos 2071
1 20556U 90 29  H 90124.02949648 -.00000007  00000-0  00000 0 0   411
2 20556  73.9817 213.3030 0002572  55.7863 304.3394 12.50727585  3491
Cosmos 2064 r    7.4  2.4  0.0  5.5
1 20557U 90 29  J 90122.70329070  .00001049  00000-0  95280-2 0   453
2 20557  73.9852 216.8636 0148428 234.1468 124.5703 12.22657531  3258
AsiaSat-1  
1 20558U 90 30  A 90118.10702338 -.00000306  00000-0  99999-4 0   434
2 20558   0.1484 304.1688 0000300 214.8139 201.0181  1.00269829   235
1990 030B  
1 20559U 90 30  B 90133.67279168  .00011178  00000-0  37832-2 0   528
2 20559  31.2905  11.0753 7319241 198.5461 105.1812  2.22962208   811
FOTON 3    
1 20566U 90 32  A 90117.11728503  .00188500  10873-4  22179-3 0   741
2 20566  62.7976 344.6680 0101010 113.5361 247.6468 15.98691989  2455
1990 032B  
1 20567U 90 32  B 90109.68057188  .02828460  41009-4  11824-2 0   241
2 20567  62.7792  13.3463 0060103 107.0137 253.8647 16.17896254  1278
Cosmos 2072
1 20568U 90 33  A 90133.90710463  .00331011  56513-4  42018-3 0  1052
2 20568  64.7618  49.0650 0033867  86.1627 274.2603 16.05900007  4844
1990 033B  
1 20569U 90 33  B 90105.99176095  .20516931  37953-4  28167-3 0   129
2 20569  64.7642 152.1514 0014918  63.6752 297.0444 16.47971347   362
Palapa-B2R 
1 20570U 90 34  A 90131.03760613 -.00000335  00000-0  99999-4 0   509
2 20570   0.0750   0.0447 0025782 135.2934 224.8777  1.00266113   236
Palapa 6 r ?     3.0  0.0  0.0  6.0
1 20571U 90 34  B 90135.25637826  .00001978  00000-0  32479-3 0   554
2 20571  22.7504 176.4934 0628149 118.0040 248.5409 13.82067297  4332
1990 034C  
1 20572U 90 34  C 90135.84989660  .00032231  00000-0  39037-2 0   491
2 20572  18.9297 347.9472 7375661 200.8035  96.7659  2.18270624   692
Cosmos 2073
1 20573U 90035  A 90113.05791580  .00108778  00000-0  00000-0 0 00164
2 20573 082.3590 345.1061 0044296 078.4256 282.2634 16.06214990000929
1990 035B  
1 20574U 90 35  B 90108.36855446  .13619672 -57633-5  44393-3 0    97
2 20574  82.3495 350.4855 0026504 120.0589 240.5689 16.41587453   179
Cosmos 2074
1 20577U 90 36  A 90136.03907435  .00000094  00000-0  93615-4 0   474
2 20577  82.9451 138.3064 0025496 217.6457 142.2914 13.73710956  3463
1990 036B  
1 20578U 90 36  B 90134.26871840  .00000108  00000-0  10241-3 0   512
2 20578  82.9430 139.5779 0018565 205.8241 154.1993 13.75018280  3222
HST        
1 20580U 90 37  B 90137.90995889  .00004687  00000-0  53109-3 0   628
2 20580  28.4686  82.1705 0006642 177.4737 182.5868 14.84245000  3478
Cosmos 2075
1 20581U 90 38  A 90135.37823762  .00016139  00000-0  68871-3 0   738
2 20581  74.0250  14.7113 0022500 298.0063  61.8804 15.22661423  3024
1990 038B  
1 20582U 90 38  B 90136.14661759  .00021971  00000-0  88807-3 0   675
2 20582  74.0299  13.0059 0030821 307.0111  52.8328 15.24226078  3148
Molniya1-77
1 20583U          90135.18523788 0.00000141           10000-3 0   695
2 20583  62.8075 185.3029 7358186 288.1991   9.5731  2.00619918   395
1990 039B  
1 20584U 90 39  B 90135.58686035  .00866541  12393-4  10982-2 0   826
2 20584  62.7708 114.6381 0164621 124.8439 236.8433 15.85913382  3069
1990 039C  
1 20585U 90 39  C 90135.33237153  .01300703  38200-4  10019-2 0   823
2 20585  62.8183 116.0511 0189691 118.0798 244.0847 15.86831687  3020
1990 39D   
1 20586U 90 39  D 90135.46430597 -.00000271  00000-0  48387-3 0   173
2 20586  62.8268 185.2010 7399393 288.1595   9.3524  1.96439329   372
Cosmos 2076
1 20596U          90134.45435492 -.00001190           67011-3 0   276
2 20596  63.0381 337.3806 7379727 318.3610   4.4851  2.00623342   328
1990 40B   
1 20597U 90 40  B 90135.39506393  .00990580  12579-4  13101-2 0   507
2 20597  62.8152 277.0227 0193123 119.6037 242.6341 15.79650548  2646
1990 40C   
1 20598U          90129.00891074 0.02602077  39200-4  10867-2 0   418
2 20598  62.8521 300.2755 0175033 122.8706 239.0278 15.96218455  1656
1990 40D   
1 20599U 90 40  D 90134.75374249  .00000271  00000-0  96743-3 0   214
2 20599  63.1718 337.0577 7353985 318.4654   4.4827  2.03469176   335
Progress 42
1 20602U 90 41  A 90137.93081927  .00035066  00000-0  43630-3 0   207
2 20602  51.6177 123.1895 0008876 297.4683  62.4149 15.59563384  1899
Cosmos 2077
1 20604U 90 42  A 90135.80369205  .00917814  40006-4  27463-3 0   235
2 20604  62.8375  63.3983 0123179  67.2500 294.2549 16.10187674  1298
1990 042B  
1 20605U          90128.82365000 0.01844714  40335-4  88767-3 0    96
2 20605  62.8235  91.0018 0089235 117.5106 255.2482 16.11699605   178
1990 043A  
1 20607U 90 43  A 90136.15763689  .00001054  00000-0  19518-3 0   117
2 20607  89.8924 195.1556 0110779 257.8904 100.9888 14.60750656   946
1990 043B  
1 20608U 90 43  B 90136.29420226  .00002807  00000-0  52363-3 0   112
2 20608  89.8877 195.1502 0111215 257.5688 101.3060 14.60859704   960
1990 043C  
1 20609U 90 43  C 90135.91544641  .00007415  00000-0  12112-2 0    59
2 20609  89.6543 194.9517 0060998 304.3215  55.2224 14.69558448   914
STS 36 payload  15.0  4.0  0.0  2.9
1 90019U 90019  B 90 60.43932272  .00320000  00000-0  48444-3 0    44
2 90019  61.9930 174.9679 0008996 262.5429 126.3620 16.04000000   173

