

line 0
14 33 43 53 59 71 72 77 78 88 90 94 95 99 100 111 113 120 121 127 135 137 141 147 151 154 160 162 166 167 168 195 199 200 205 216 233 236 237 239 244 245 250 252 
44 colors


line 1
14 33 43 53 59 62 71 72 77 78 88 90 94 95 111 113 114 120 121 127 135 137 141 147 151 154 160 162 166 168 195 199 200 205 216 225 233 236 237 239 244 250 252 
43 colors


line 2
14 30 33 42 43 53 59 62 71 72 77 78 88 90 94 95 100 103 111 113 114 120 127 135 137 141 147 151 160 162 166 168 195 199 200 205 216 225 233 236 237 239 244 245 250 252 
46 colors


line 3
14 30 33 42 43 53 59 62 71 72 77 78 90 94 95 100 103 111 113 114 118 120 127 135 137 141 147 151 160 162 166 168 195 199 200 205 216 225 233 236 237 239 244 250 252 
45 colors


line 4
14 33 43 53 59 62 71 72 77 78 90 94 95 100 103 111 113 114 120 127 135 137 141 151 154 160 162 166 168 199 200 205 216 225 236 237 239 245 250 252 
40 colors


line 5
14 16 28 30 33 43 53 59 62 71 72 77 78 90 94 95 99 103 111 114 120 127 135 137 141 151 160 161 162 166 168 195 199 200 205 216 225 233 236 237 238 239 245 250 252 255 
46 colors


line 6
14 29 30 32 33 43 53 59 62 68 71 72 77 78 88 90 94 95 98 99 111 113 114 115 120 125 127 135 141 151 160 161 162 166 168 195 199 200 202 205 216 234 236 237 238 239 244 245 250 252 255 
51 colors


line 7
14 30 33 43 52 53 55 59 62 68 71 72 77 78 88 90 94 95 98 99 100 113 114 118 120 127 131 135 137 141 151 160 161 162 166 168 191 195 199 200 202 205 216 229 233 235 236 237 238 239 245 250 252 
53 colors


line 8
14 17 30 33 43 50 53 55 59 62 63 68 71 72 77 78 82 88 90 94 95 98 99 100 111 113 114 118 120 123 124 127 135 151 160 162 166 168 190 191 195 199 200 201 202 205 216 225 233 234 235 236 237 239 240 250 252 255 
58 colors


line 9
9 13 14 16 17 26 30 32 33 43 53 59 63 71 72 77 78 82 90 94 95 99 113 114 118 120 123 124 127 131 135 147 151 160 162 165 166 167 168 179 188 191 195 199 200 205 216 225 233 236 237 238 239 240 250 252 
56 colors


line 10
14 16 29 30 33 43 50 53 55 59 63 68 71 72 77 78 79 82 90 94 95 98 99 100 111 113 114 115 118 120 121 123 127 131 135 151 160 161 162 166 167 168 190 191 195 199 200 201 205 216 225 229 233 234 235 237 239 240 244 245 250 252 
62 colors


line 11
14 16 17 30 33 43 53 59 63 68 71 72 77 78 79 90 94 95 97 98 99 111 114 120 121 123 127 131 135 147 151 160 161 162 165 166 167 168 179 190 191 195 199 200 202 205 216 223 225 229 231 233 234 235 236 237 239 240 244 245 250 252 255 
63 colors


line 12
14 16 17 30 33 43 55 59 63 71 72 77 78 80 90 94 95 97 98 99 111 113 114 115 118 119 120 123 127 135 147 151 160 162 166 167 168 190 195 199 200 202 205 225 233 235 236 237 239 248 250 252 255 
53 colors


line 13
8 14 30 33 44 59 63 68 71 72 73 77 78 82 88 90 94 95 98 100 109 113 114 118 120 121 123 127 131 135 147 151 160 162 165 166 167 168 179 188 190 191 195 199 200 201 205 216 223 225 233 234 236 237 238 239 244 245 248 250 252 
61 colors


line 14
14 17 27 30 33 43 50 53 59 63 71 72 77 78 82 90 94 95 100 113 114 118 120 123 127 135 147 151 160 161 162 166 167 168 178 179 188 190 191 199 200 201 202 205 217 233 234 236 237 239 240 244 245 248 250 255 
56 colors


line 15
14 28 30 32 33 43 59 68 71 72 77 78 90 94 95 98 113 114 115 118 120 123 127 131 135 147 150 151 160 161 162 165 166 167 168 179 191 199 200 201 202 205 223 224 231 233 234 235 236 237 239 240 244 245 248 250 252 255 
58 colors


line 16
6 14 16 27 28 29 30 33 50 53 55 59 62 68 71 72 77 78 82 90 94 95 98 100 109 113 114 115 118 120 121 123 124 127 131 135 147 150 155 160 161 162 166 167 168 178 188 199 200 201 202 204 205 216 223 233 234 235 236 237 239 240 244 245 250 252 255 
67 colors


line 17
5 14 17 28 29 30 32 33 43 44 50 53 59 62 71 72 77 78 90 91 94 95 98 100 113 114 118 120 121 123 127 131 135 147 150 155 160 161 162 166 168 179 191 199 200 201 202 205 216 225 233 234 235 236 237 239 240 244 245 250 255 
61 colors


line 18
5 13 14 17 28 29 30 32 33 59 62 68 71 72 77 78 90 94 95 98 100 103 111 113 114 118 120 125 127 131 135 147 155 160 161 162 166 168 179 182 191 199 200 201 202 205 216 224 225 233 235 236 237 239 240 244 248 250 252 255 
60 colors


line 19
5 14 17 29 30 32 33 53 55 59 62 68 71 72 77 78 88 90 94 95 98 100 101 103 111 113 114 118 120 123 125 127 131 135 146 147 150 160 161 162 166 168 175 179 188 191 192 199 200 201 205 216 225 233 234 235 236 237 239 240 244 250 255 
63 colors


line 20
14 28 29 30 32 33 50 55 59 62 68 71 72 77 78 88 90 94 95 97 98 99 101 103 111 113 114 118 120 123 125 127 131 135 147 160 161 162 166 168 175 178 179 188 192 199 200 202 205 216 225 233 234 235 236 237 239 240 244 250 255 
61 colors


line 21
14 17 29 30 33 42 43 53 55 59 62 68 71 72 77 78 82 90 95 98 100 101 103 113 114 118 120 121 123 125 127 131 135 146 147 160 161 162 166 168 175 179 199 200 202 205 216 224 225 233 234 236 237 240 244 245 250 252 253 
59 colors


line 22
14 17 28 29 30 33 42 53 59 62 68 71 72 77 78 90 94 95 98 100 103 114 115 118 120 121 123 127 131 135 139 147 151 160 161 162 166 168 179 180 188 199 202 205 216 225 229 233 234 236 237 240 244 245 250 255 
56 colors


line 23
14 17 28 29 30 33 42 53 58 59 62 68 71 72 77 78 90 91 95 98 101 103 111 113 114 118 120 123 125 131 135 146 147 154 160 161 162 166 168 188 190 199 200 202 205 216 225 233 234 236 237 240 244 250 255 
55 colors


line 24
14 28 29 30 33 42 43 53 59 62 68 71 72 77 78 90 91 94 95 101 103 113 114 115 118 120 123 131 135 146 147 160 161 162 166 168 190 191 199 200 205 216 229 233 234 236 237 238 239 244 250 252 
52 colors


line 25
14 28 29 30 32 33 42 48 53 59 62 63 68 71 72 77 78 79 82 90 95 97 98 103 113 114 118 120 121 123 127 135 146 147 160 161 162 166 168 188 199 200 202 205 216 217 233 236 237 238 239 240 244 245 250 252 
56 colors


line 26
9 14 28 29 30 33 42 53 59 62 63 71 72 77 78 90 94 95 98 103 113 114 115 120 123 125 127 135 146 147 150 160 161 162 166 168 180 199 200 202 205 216 225 229 233 234 236 237 238 239 240 244 245 252 255 
55 colors


line 27
14 17 27 28 29 30 33 42 59 62 63 68 71 77 78 90 94 95 98 103 113 114 120 131 135 136 146 150 160 161 162 166 168 199 200 202 205 216 225 233 234 235 236 237 238 239 244 245 251 
49 colors


line 28
6 9 14 17 29 30 33 42 59 62 68 71 72 77 78 79 82 90 94 95 98 103 113 114 120 123 125 131 135 136 146 150 160 162 166 168 199 200 205 216 225 233 234 236 237 239 244 245 
48 colors


line 29
14 17 27 29 30 33 42 43 53 59 62 63 68 71 72 77 78 82 90 94 95 98 103 113 114 120 123 125 131 135 136 146 151 160 161 162 166 168 175 190 191 199 200 202 205 216 225 233 234 235 236 237 239 240 245 248 255 
57 colors


line 30
14 29 30 33 38 42 53 55 59 62 63 68 71 77 78 90 95 103 113 114 120 123 125 127 135 136 146 160 161 162 166 167 168 179 188 199 200 202 205 216 233 234 235 236 237 239 240 244 245 255 
50 colors


line 31
14 29 30 33 42 53 59 62 71 77 78 80 82 90 94 95 97 100 103 113 114 120 123 127 131 135 136 146 160 161 162 166 168 175 188 190 199 200 201 202 205 216 233 234 236 237 244 245 
48 colors


line 32
14 29 30 33 42 53 59 62 68 71 77 78 90 94 95 98 103 113 114 120 123 125 127 131 135 136 146 154 160 162 166 167 168 175 188 199 200 202 205 216 225 233 234 236 237 239 240 244 245 250 251 255 
52 colors


line 33
14 20 28 29 30 33 42 43 53 59 62 68 71 77 78 90 95 97 103 113 120 125 135 136 146 147 160 161 162 166 167 168 180 191 199 200 202 205 216 225 233 234 236 237 238 239 240 244 245 252 
50 colors


line 34
14 17 28 29 30 32 33 42 53 59 62 68 71 77 78 80 90 94 95 97 98 103 113 120 125 135 136 146 147 160 162 166 168 175 180 190 199 200 202 205 216 233 234 236 237 239 244 255 
48 colors


line 35
14 17 30 33 42 43 53 59 62 68 71 77 78 80 90 94 95 97 98 103 113 120 135 136 146 160 161 162 166 168 175 190 199 200 202 205 216 225 233 234 236 237 238 239 240 244 245 
47 colors


line 36
14 17 29 30 33 42 53 59 62 68 71 77 78 80 90 94 103 120 135 136 146 160 162 166 167 168 175 199 200 202 205 216 233 234 235 236 237 239 240 244 245 
41 colors


line 37
14 17 29 30 33 42 53 59 62 63 71 73 77 78 90 94 97 103 111 120 127 131 135 136 146 151 160 161 166 168 175 190 199 200 202 205 216 233 236 237 239 244 255 
43 colors


line 38
17 29 30 32 33 42 44 53 59 62 71 77 78 90 98 99 103 113 120 127 131 135 146 147 160 166 168 175 190 199 200 202 205 216 233 234 236 237 239 240 244 255 
42 colors


line 39
14 29 30 33 42 43 44 53 59 62 71 77 78 82 90 97 98 99 103 113 120 125 131 135 136 146 147 160 161 166 168 175 179 190 199 200 205 216 233 234 237 238 239 240 244 251 255 
47 colors


line 40
14 17 29 30 33 42 53 59 62 68 71 73 77 78 90 95 97 98 103 120 127 131 135 146 147 160 161 166 168 175 190 199 200 202 205 216 223 233 236 237 238 239 244 245 251 255 
46 colors


line 41
14 27 29 30 33 42 44 53 59 62 68 71 73 77 78 90 94 95 97 98 99 103 119 120 127 131 135 146 160 161 162 166 168 175 199 200 202 205 216 223 225 233 236 237 239 240 244 255 
48 colors


line 42
14 27 30 33 42 53 59 62 63 68 71 73 77 78 79 80 90 94 95 97 103 113 120 123 127 131 132 135 146 160 166 168 175 199 200 202 205 216 225 231 233 236 237 238 239 240 241 244 245 250 254 
51 colors


line 43
14 17 30 33 42 53 59 62 68 71 77 78 79 80 81 90 94 95 97 98 103 111 113 118 120 123 127 131 132 135 146 160 165 166 168 175 199 200 202 205 216 233 235 236 237 239 240 244 250 251 255 
51 colors


line 44
14 17 29 30 33 42 53 59 62 63 68 71 73 77 78 81 90 95 97 98 99 103 111 113 120 123 127 135 146 160 166 167 168 175 199 200 205 216 229 231 233 236 237 239 240 244 250 251 255 
49 colors


line 45
14 16 17 29 30 33 42 43 44 53 59 62 68 71 73 77 78 90 94 95 97 98 99 103 111 113 120 123 135 146 160 161 166 167 168 175 190 199 200 205 216 229 231 233 235 236 237 239 240 241 244 250 251 
53 colors


line 46
14 16 17 30 33 42 43 53 59 62 63 71 73 77 78 80 90 95 97 99 100 103 111 115 120 123 127 135 146 151 160 166 167 168 175 199 200 202 204 205 216 225 230 233 236 237 239 240 244 250 251 252 255 
53 colors


line 47
14 17 29 30 33 42 43 62 63 68 71 73 77 78 79 90 95 97 98 99 100 103 111 113 120 121 123 135 146 147 151 160 161 166 168 175 190 199 200 204 205 216 225 231 233 236 237 239 240 241 244 245 250 251 252 254 
56 colors


line 48
14 17 30 32 33 42 43 53 59 62 63 69 71 73 77 78 90 94 97 99 100 103 111 118 119 120 123 131 135 146 149 151 160 166 167 168 175 179 190 194 199 200 205 216 223 225 233 234 236 237 239 244 250 251 252 255 
56 colors


line 49
14 17 30 32 33 42 53 59 62 68 71 73 77 78 90 95 98 99 100 103 111 113 119 120 123 127 131 135 146 149 151 160 166 167 168 175 190 191 199 200 201 205 216 223 230 231 233 234 236 237 241 244 250 252 255 
55 colors


line 50
14 17 30 33 42 43 53 59 62 63 68 69 71 73 77 78 79 81 82 90 95 97 98 99 100 103 111 113 118 119 120 123 135 146 149 151 157 160 166 168 175 190 199 200 201 202 205 216 225 228 233 234 236 237 238 240 244 250 251 252 
60 colors


line 51
14 16 17 26 30 33 42 43 44 52 53 59 62 63 68 69 71 73 77 78 79 80 90 94 95 97 99 100 103 108 111 118 119 120 123 135 144 146 151 157 160 162 166 168 175 190 199 200 201 202 205 216 223 225 231 233 236 237 240 244 250 251 252 
63 colors


line 52
8 13 14 16 17 29 30 33 42 43 53 62 63 68 69 71 73 77 78 80 81 83 90 99 100 103 111 113 118 119 120 131 135 144 146 157 160 166 168 175 190 199 200 202 205 209 216 223 231 233 234 236 237 240 241 244 250 251 252 
59 colors


line 53
13 14 17 30 33 42 43 53 62 63 71 73 77 78 79 80 81 90 94 95 98 99 100 103 111 113 118 119 120 127 135 144 146 151 157 160 161 166 168 171 173 175 196 199 200 202 203 205 216 223 231 233 236 237 240 241 244 250 251 252 
60 colors


line 54
14 16 17 29 30 33 42 43 53 62 63 69 71 73 77 78 80 82 88 90 93 94 95 97 100 103 108 111 113 119 120 121 127 131 135 138 146 151 160 166 168 170 173 175 179 196 199 200 202 205 216 223 225 230 231 233 236 237 241 244 250 251 252 255 
64 colors


line 55
13 14 17 29 30 33 36 42 43 53 62 63 69 71 77 78 80 81 82 90 95 97 99 103 111 113 118 119 120 121 123 127 131 135 138 146 149 160 166 168 170 173 175 190 193 199 200 202 205 209 216 221 223 230 231 233 236 237 244 250 251 252 
62 colors


line 56
14 17 23 30 33 36 42 43 44 53 55 62 69 71 73 77 78 79 80 81 84 94 95 97 98 99 100 103 111 113 118 120 123 127 135 138 146 149 160 166 168 170 175 179 190 199 200 202 205 209 216 223 225 228 231 233 237 241 244 250 251 254 
62 colors


line 57
8 10 13 14 17 24 28 30 33 42 44 53 62 63 69 71 73 77 78 79 80 84 88 95 97 98 99 103 111 113 118 119 120 127 135 145 146 160 161 168 175 179 189 190 196 199 200 202 205 209 216 223 230 233 236 237 244 250 251 252 
60 colors


line 58
8 9 10 13 14 16 17 24 27 29 30 32 33 42 44 53 62 63 69 71 73 77 78 79 81 84 90 95 97 99 100 103 111 113 119 120 127 135 145 146 160 166 168 175 188 189 190 194 199 200 202 205 216 228 230 233 236 237 244 250 251 
61 colors


line 59
8 9 14 17 28 30 33 42 43 53 62 63 69 71 73 77 78 79 80 84 88 95 97 99 103 113 119 120 127 131 132 135 138 145 146 155 160 166 168 170 175 179 188 190 194 195 199 200 202 205 216 223 231 233 236 237 250 251 252 254 
60 colors


line 60
8 14 17 30 33 38 42 43 53 62 63 69 70 71 73 77 78 80 90 95 97 98 99 103 115 119 120 127 131 135 141 145 146 149 160 166 168 170 171 173 175 188 190 193 194 199 200 202 205 209 216 223 230 233 234 236 237 240 241 244 250 251 252 
63 colors


line 61
8 9 13 14 16 23 24 26 30 32 33 38 42 43 53 62 69 71 73 77 78 80 82 84 88 90 95 99 103 108 113 119 120 125 131 135 145 146 149 151 160 166 168 170 175 190 193 194 195 199 200 202 205 216 222 223 230 231 233 234 236 237 241 244 250 251 
66 colors


line 62
10 13 14 17 30 33 36 37 38 42 43 51 53 59 62 63 68 71 73 77 78 80 81 83 84 88 90 97 99 103 105 115 118 119 120 132 135 138 145 146 151 160 162 166 168 170 175 186 190 194 199 200 202 205 209 216 223 233 236 241 244 250 251 252 
64 colors


line 63
10 13 23 29 30 33 42 43 53 59 62 63 67 68 69 71 73 77 78 81 84 93 95 97 98 99 100 103 105 108 113 119 120 121 131 132 135 138 145 146 160 162 166 167 168 175 180 190 199 200 205 209 216 222 223 225 233 234 236 237 238 240 241 244 250 251 252 254 
68 colors


line 64
8 13 14 17 23 24 26 29 30 33 42 43 53 62 67 68 69 71 72 73 77 78 82 94 95 97 98 99 103 108 113 119 120 127 131 135 138 145 146 149 151 160 161 167 168 170 175 180 181 194 196 199 200 202 203 205 216 222 223 225 231 233 234 237 241 244 245 250 251 252 254 255 
72 colors


line 65
13 14 19 24 27 29 30 33 36 37 43 53 62 67 68 71 72 73 77 78 80 82 83 84 90 97 99 100 103 105 113 118 119 120 126 127 131 135 145 146 151 155 160 162 165 166 168 175 179 186 190 191 193 194 199 200 202 205 216 222 223 225 231 233 234 244 245 250 251 252 
70 colors


line 66
17 24 30 33 42 43 50 53 62 63 67 69 71 73 77 78 80 81 84 88 94 95 97 99 100 103 105 108 113 114 119 120 124 131 135 145 146 151 160 161 168 170 175 179 186 190 191 194 199 200 202 204 205 216 221 222 225 233 234 236 238 240 241 244 245 251 252 254 
68 colors


line 67
14 17 19 23 24 27 30 33 36 43 62 63 65 67 69 71 72 73 77 78 80 82 84 90 94 95 97 99 100 103 105 115 119 120 127 131 135 145 146 149 151 160 161 162 166 168 170 175 179 186 190 194 199 200 202 216 222 225 233 234 235 236 238 240 241 244 250 251 252 
69 colors


line 68
8 14 17 19 23 24 27 30 33 39 43 48 53 55 62 63 65 67 68 69 71 73 77 78 81 84 94 95 97 98 99 103 105 113 114 118 119 120 135 145 146 151 160 161 162 166 168 170 175 190 191 199 200 202 204 205 216 222 223 233 234 235 236 238 240 244 245 250 251 252 
70 colors


line 69
6 8 10 13 14 16 17 29 30 33 37 43 44 53 59 62 63 67 68 71 73 77 78 84 90 94 95 97 98 99 103 105 113 118 120 125 127 131 135 136 138 145 146 151 155 160 161 162 166 167 168 175 179 180 186 194 199 200 205 209 216 222 223 233 234 236 244 245 250 251 252 
71 colors


line 70
9 10 14 17 24 30 33 36 37 43 53 59 62 65 67 68 69 71 73 77 78 79 82 84 88 90 94 95 97 98 99 103 108 113 114 116 119 120 131 135 145 146 155 160 161 166 168 175 179 185 186 188 190 194 199 200 202 205 216 225 231 233 234 235 236 237 238 240 244 250 251 252 
72 colors


line 71
8 10 14 17 24 29 30 33 36 42 43 53 62 65 67 68 71 77 78 79 80 84 88 90 94 95 97 98 99 103 111 118 119 121 126 127 131 136 145 146 155 160 161 162 166 167 168 170 175 179 186 190 191 194 199 200 205 216 222 223 225 230 233 235 236 237 240 241 244 251 
70 colors


line 72
10 14 17 19 23 29 30 33 36 43 53 55 59 62 68 70 71 77 78 79 84 88 93 94 95 98 99 103 105 108 109 111 113 115 119 120 125 131 135 139 144 145 146 150 161 162 166 167 168 170 175 178 179 190 191 199 200 202 205 213 216 222 225 231 233 234 236 237 238 240 241 244 250 251 254 
75 colors


line 73
8 10 14 17 19 23 24 28 29 30 32 33 36 43 51 53 62 68 71 73 77 78 80 81 84 95 98 99 100 103 108 111 118 120 127 131 135 145 146 150 151 155 157 160 161 162 166 167 168 175 178 179 189 190 191 199 200 204 205 209 216 222 225 231 233 234 235 237 244 245 251 254 255 
73 colors


line 74
8 10 14 17 19 20 23 27 30 32 33 36 37 38 43 48 53 62 68 69 71 73 77 78 80 81 82 84 90 94 95 97 98 99 103 111 113 115 118 120 127 135 136 138 145 146 155 157 160 161 162 165 166 167 168 171 175 186 188 191 194 199 200 202 205 209 216 225 231 233 234 235 237 238 240 244 251 252 254 255 
80 colors


line 75
8 9 10 14 17 19 27 28 29 30 33 36 43 48 62 68 69 71 72 77 78 79 80 82 84 90 94 95 97 98 99 103 111 113 118 120 135 136 138 139 146 155 160 162 166 167 168 171 175 178 180 188 189 190 191 199 200 201 205 216 222 223 225 230 231 233 234 235 236 237 238 240 244 245 250 251 252 
77 colors


line 76
6 8 9 10 13 14 19 24 28 29 30 33 36 43 48 50 53 59 62 68 71 73 77 78 79 80 84 90 94 95 97 98 99 103 108 111 114 118 120 121 127 131 135 139 146 151 160 162 166 167 168 170 175 178 179 190 191 199 200 202 205 216 223 225 230 233 234 236 238 240 244 245 250 251 252 
75 colors


line 77
8 14 17 19 24 28 29 30 32 33 36 43 44 50 53 59 62 63 68 69 71 72 77 78 79 80 84 90 93 94 95 97 98 99 103 111 113 114 118 119 120 121 124 125 127 135 136 145 146 160 162 166 167 168 175 178 179 188 189 190 191 194 195 199 200 201 205 209 216 223 225 231 233 234 235 236 238 240 244 245 250 251 252 
83 colors


line 78
10 13 14 17 19 24 27 29 30 32 33 36 43 48 50 51 53 59 62 63 68 71 73 77 78 79 82 84 88 93 94 95 97 98 99 100 111 114 115 118 120 127 131 135 146 160 162 166 168 175 179 180 191 193 194 195 199 200 201 202 204 205 209 216 218 223 230 231 233 234 235 236 237 240 244 245 248 250 251 252 
80 colors


line 79
13 14 17 19 27 28 29 30 32 33 36 43 50 51 53 59 62 63 68 71 77 78 79 80 81 84 88 93 95 98 99 111 114 120 127 129 131 135 138 144 146 147 149 151 157 160 162 166 167 168 171 173 175 179 180 190 191 199 200 201 205 209 216 218 230 231 233 234 235 236 237 238 244 245 250 251 252 
77 colors


line 80
8 9 14 17 19 27 30 36 38 42 43 48 50 51 53 63 68 69 70 71 77 78 82 84 88 90 93 94 95 98 99 108 111 118 119 120 123 125 127 129 131 135 138 144 146 149 151 160 161 162 166 168 175 179 185 189 190 191 199 200 205 216 218 223 230 231 233 234 235 237 238 245 250 251 252 255 
76 colors


line 81
8 14 19 28 30 32 33 36 37 43 48 51 53 62 68 71 72 73 77 78 79 88 90 93 94 95 98 99 108 111 118 120 125 129 135 138 144 146 149 151 160 161 166 167 168 173 175 179 190 191 194 199 200 202 205 209 216 218 223 230 231 233 234 235 236 238 240 244 250 251 252 255 
72 colors


line 82
8 9 13 14 17 19 27 28 29 30 33 43 48 50 53 59 62 63 68 72 77 78 79 82 88 93 94 95 97 98 99 100 103 111 115 118 119 120 121 125 127 129 131 132 138 144 146 149 151 154 157 160 161 165 166 168 170 171 173 175 179 180 190 199 200 201 202 205 216 218 230 231 233 234 237 240 244 245 250 251 252 254 255 
83 colors


line 83
9 14 17 19 20 27 28 29 30 32 38 43 48 50 51 53 62 63 68 71 72 77 78 79 80 81 88 93 94 97 98 99 103 108 111 113 115 118 119 120 121 127 129 135 138 144 146 149 151 155 157 160 161 162 165 166 167 168 170 171 175 179 188 190 191 194 199 200 202 205 209 216 218 230 231 233 234 235 236 237 238 239 240 241 244 245 250 251 252 
89 colors


line 84
14 17 18 19 21 24 27 28 29 30 33 36 38 43 44 48 50 51 53 59 62 63 68 71 77 78 82 84 87 88 93 94 95 97 98 99 108 111 118 119 120 123 125 127 129 135 136 139 146 149 151 154 157 160 161 162 165 166 167 168 170 171 175 179 180 185 188 190 195 199 200 201 202 204 209 216 218 223 225 233 234 235 237 238 240 241 244 248 251 252 254 255 
92 colors


line 85
6 8 14 17 19 21 27 28 29 30 33 36 43 48 50 51 53 56 59 62 63 68 71 72 73 77 78 79 81 82 87 88 90 93 94 95 98 99 101 104 111 114 115 118 119 120 121 125 126 127 129 131 135 136 146 155 157 161 162 166 168 177 179 188 189 190 191 194 195 199 200 204 211 212 213 215 216 218 225 231 233 234 236 238 240 241 244 246 248 250 251 252 255 
93 colors


line 86
6 11 13 17 18 19 21 25 29 30 32 33 36 38 43 50 53 56 57 60 63 68 71 72 73 77 78 85 88 90 93 94 95 97 98 100 101 109 110 111 113 114 115 118 120 121 125 127 131 135 136 138 146 148 149 157 160 161 162 165 166 168 177 179 188 190 191 195 199 200 202 204 205 216 218 225 230 231 232 233 234 236 238 240 241 244 248 250 251 252 255 
91 colors


line 87
5 7 11 13 14 17 18 19 21 27 28 29 30 33 36 38 43 47 51 56 59 60 62 63 68 69 71 72 73 77 78 81 88 90 93 94 95 97 98 99 100 104 109 111 113 118 120 121 122 127 129 131 135 136 138 144 146 148 154 155 160 161 162 165 166 167 168 175 177 178 180 191 195 199 200 201 202 204 205 210 215 216 217 218 223 225 230 231 233 234 236 240 241 244 245 250 251 252 253 255 
100 colors


line 88
7 11 14 17 18 19 21 25 27 28 29 30 31 33 34 36 38 43 47 50 53 59 63 68 69 71 72 73 77 78 79 85 87 88 89 90 93 94 95 98 99 102 103 104 109 110 111 113 118 120 121 122 125 127 129 131 135 138 139 146 148 150 151 154 155 160 161 162 166 168 173 178 180 189 195 199 200 204 205 210 212 215 216 218 223 225 230 231 232 233 234 235 236 237 238 240 244 245 250 251 252 
101 colors


line 89
5 7 11 12 13 15 17 18 19 28 29 30 31 32 33 34 36 42 43 47 51 53 56 59 63 64 69 71 73 77 78 82 85 87 88 90 94 95 98 99 100 102 104 109 110 111 113 118 119 120 121 122 125 127 131 136 138 146 148 152 154 155 160 161 166 173 176 179 188 190 193 195 199 200 201 202 204 205 210 211 212 215 216 217 218 219 223 225 230 231 232 233 235 236 237 238 240 244 245 248 250 251 252 253 255 
105 colors


line 90
5 7 11 12 15 17 18 19 24 25 27 28 29 30 31 33 38 43 47 51 53 56 58 59 62 63 64 68 69 71 77 78 81 82 85 87 88 90 92 93 94 95 98 99 100 101 102 103 104 109 110 111 113 118 121 122 125 127 135 136 139 144 146 148 149 151 152 153 154 155 157 158 160 161 162 166 168 170 176 178 179 188 190 191 195 199 200 201 202 204 205 208 210 211 212 215 216 218 223 225 228 231 232 233 234 235 236 237 240 244 245 246 250 251 252 
115 colors


line 91
7 11 12 13 14 15 17 19 27 29 30 31 32 33 43 50 53 56 58 59 62 63 68 69 71 72 73 77 78 79 80 82 85 87 88 89 90 92 94 95 97 98 99 100 102 103 104 110 111 115 118 120 122 125 127 131 135 141 144 146 148 149 150 153 154 160 161 162 166 167 168 170 173 179 180 182 190 191 195 199 200 202 204 205 208 210 211 212 215 216 218 219 223 225 230 231 232 233 234 235 237 238 240 244 245 246 250 251 252 253 
110 colors


line 92
1 5 7 11 13 14 15 17 18 19 25 27 28 30 31 32 33 42 43 48 50 53 56 58 59 62 63 64 68 71 72 77 78 79 85 88 89 90 91 92 94 95 98 99 100 101 102 104 109 110 111 114 115 118 119 120 121 122 123 125 127 135 141 144 146 148 149 150 151 154 155 160 161 162 167 168 171 173 177 178 182 188 191 193 195 199 200 202 204 205 207 208 209 210 211 212 215 216 217 218 225 230 231 233 235 236 238 244 245 248 250 251 252 
113 colors


line 93
3 5 8 11 14 15 17 18 19 25 28 29 30 31 32 33 38 43 48 50 53 56 59 62 63 64 68 71 72 77 78 79 82 85 88 89 90 92 95 99 100 101 102 103 104 107 109 110 111 113 114 118 120 121 122 124 127 135 139 141 144 146 148 150 155 161 162 165 167 168 170 173 177 179 190 191 195 199 200 201 202 204 205 207 208 209 210 211 212 215 216 218 219 225 228 230 231 232 233 234 235 236 238 240 241 244 245 248 251 252 255 
111 colors


line 94
3 5 6 7 8 11 12 14 17 18 19 21 25 26 27 28 29 30 31 33 34 38 43 48 49 50 53 55 58 59 68 70 71 72 73 77 78 79 82 85 87 88 89 90 92 94 95 97 98 100 101 103 104 110 111 114 118 120 121 122 125 126 127 131 135 137 139 141 148 150 155 157 160 161 162 165 166 167 168 170 178 179 191 193 195 199 200 201 202 204 205 208 209 210 211 212 215 216 217 218 223 225 228 229 230 231 232 233 234 235 237 238 239 240 243 244 245 250 251 252 254 255 
122 colors


line 95
5 6 7 8 12 17 18 19 20 25 28 30 31 32 33 38 48 53 56 59 62 63 68 71 77 78 79 80 85 88 89 90 91 92 94 95 98 100 104 109 110 111 113 118 119 120 121 124 125 127 131 135 137 141 148 149 150 155 160 161 162 166 167 168 171 178 179 182 186 188 190 191 192 195 200 201 202 204 205 207 211 212 215 216 218 219 223 224 225 228 230 232 233 234 235 236 237 240 243 244 245 249 250 252 253 255 
106 colors


line 96
3 5 6 7 8 11 13 14 17 18 19 21 24 27 28 29 30 31 33 38 40 43 48 50 51 52 53 56 59 63 64 66 68 69 71 72 77 78 79 82 85 86 87 88 90 91 94 95 96 97 98 100 101 107 108 110 111 113 118 120 121 123 124 125 127 130 131 133 135 137 139 141 148 149 150 154 155 157 158 160 161 162 165 166 167 168 173 177 179 182 185 188 190 191 194 195 199 200 201 202 204 205 207 211 213 215 216 218 219 221 224 226 228 231 233 234 235 236 240 243 244 245 246 253 255 
125 colors


line 97
3 5 6 7 13 14 17 18 19 21 25 27 28 29 30 31 32 33 34 38 40 43 49 50 51 53 55 56 57 59 63 66 68 71 75 77 78 79 80 81 85 87 88 89 90 91 94 96 97 98 100 102 107 108 109 110 111 113 114 118 120 121 122 123 124 125 127 131 135 137 141 144 148 149 150 154 155 157 161 162 163 166 167 168 171 173 176 177 179 181 186 188 190 191 194 195 199 200 201 202 204 205 207 208 210 211 212 215 216 218 219 221 223 224 226 227 230 231 233 236 238 240 244 245 248 249 250 253 254 255 
130 colors


line 98
3 5 7 11 17 18 20 21 22 27 28 29 30 31 32 33 34 36 40 41 43 45 48 49 50 51 53 56 57 59 61 63 65 66 68 71 72 73 77 78 79 82 85 86 88 90 91 92 93 94 95 97 101 107 108 110 111 113 114 118 120 121 123 125 126 127 133 134 135 137 141 142 144 148 149 152 154 155 160 161 162 163 167 168 170 173 176 178 179 185 186 188 190 191 192 193 195 197 200 201 202 207 211 212 215 216 218 219 223 224 225 226 229 230 232 233 234 235 236 238 244 245 246 247 250 255 
126 colors


line 99
3 5 7 13 17 18 20 27 28 29 30 31 32 33 36 38 39 43 49 51 53 54 56 57 59 63 65 68 71 72 76 77 78 80 82 84 86 87 88 89 90 91 93 94 97 98 102 107 109 110 111 112 113 114 115 116 118 120 121 124 125 127 129 132 134 135 139 141 145 148 149 156 160 161 162 163 166 167 168 173 176 177 178 179 185 188 189 191 192 193 194 195 197 199 200 202 203 211 215 217 222 223 224 226 228 230 231 232 233 236 237 238 243 244 245 246 248 253 255 
119 colors


line 100
2 3 7 8 10 13 14 17 18 20 25 27 28 29 30 31 32 33 36 39 46 49 50 54 56 57 59 63 68 69 71 72 74 77 78 79 80 83 84 88 89 90 93 95 97 98 107 110 111 112 113 116 118 120 121 124 125 126 127 131 132 135 138 141 145 149 150 154 155 157 160 161 162 163 165 166 167 168 173 177 178 179 181 183 185 186 188 190 191 192 194 195 197 199 200 201 202 206 207 215 224 225 226 228 230 231 233 234 235 240 241 244 245 246 247 249 255 
117 colors


line 101
2 3 7 8 10 14 17 18 20 21 24 25 27 29 30 31 32 33 36 39 46 50 53 54 56 57 59 63 64 65 68 71 72 75 77 78 79 80 82 87 88 90 93 94 98 108 110 111 113 114 115 116 118 119 120 121 124 125 126 127 129 131 133 142 143 145 147 149 150 154 155 157 160 162 165 166 167 168 173 177 180 181 183 188 189 190 191 192 195 198 199 200 202 207 211 212 213 214 215 217 221 224 225 226 228 230 231 233 234 235 236 238 240 244 245 246 247 248 249 255 
120 colors


line 102
2 3 7 8 10 13 14 16 17 18 20 21 26 27 28 29 30 31 32 33 36 39 45 46 49 50 51 53 56 59 63 65 66 68 71 72 73 77 78 79 80 82 88 89 90 94 96 101 109 110 113 115 116 117 118 120 121 124 125 126 127 130 131 133 135 148 149 154 158 160 161 162 165 166 167 168 169 171 173 177 178 179 180 181 185 186 188 189 190 191 192 195 199 200 201 202 207 211 212 215 221 222 223 224 226 230 231 233 234 236 238 240 243 244 245 249 254 255 
118 colors


line 103
2 7 8 9 10 13 16 17 20 21 25 27 28 29 30 31 32 33 36 39 40 44 46 49 51 54 56 59 60 63 64 65 68 69 71 72 73 74 76 77 78 79 80 82 83 87 88 89 90 91 93 94 96 97 98 106 107 108 110 111 112 113 115 116 118 120 121 124 125 126 127 128 130 131 135 140 145 148 150 152 155 158 160 161 162 166 167 171 173 176 177 178 181 185 186 188 189 190 191 192 195 199 200 201 202 212 215 216 221 224 225 230 231 233 234 235 240 243 244 245 247 252 253 254 
124 colors


line 104
3 8 13 16 17 20 21 26 27 28 29 30 32 33 36 38 39 44 46 49 50 51 54 56 57 59 60 63 68 69 71 72 73 74 75 77 78 79 80 86 87 88 90 91 94 95 96 97 98 101 102 107 108 110 111 112 115 118 120 121 124 126 127 128 131 135 138 142 145 148 149 152 157 160 161 162 163 165 166 167 168 171 173 176 177 179 180 181 185 186 188 190 191 195 197 199 200 201 202 211 214 215 216 221 230 231 233 234 235 236 237 238 240 244 245 247 254 255 
118 colors


line 105
3 7 8 13 17 18 25 27 29 30 32 33 34 36 39 40 44 49 50 51 53 54 56 59 60 63 65 68 71 72 73 75 77 78 79 80 82 87 88 90 91 94 95 96 97 98 107 110 111 112 113 115 118 120 121 124 126 127 128 131 135 139 142 144 145 149 150 157 158 159 161 162 165 167 168 170 176 177 178 179 180 181 187 188 190 191 195 197 199 200 202 205 211 212 215 216 221 224 225 230 231 233 234 235 236 237 238 244 245 247 248 249 
112 colors


line 106
7 8 13 17 18 21 25 26 27 28 29 30 32 33 34 36 39 40 45 46 49 50 51 53 54 56 59 63 65 66 68 71 73 74 75 77 78 79 80 81 83 86 88 90 91 94 97 102 107 108 109 111 112 113 118 120 121 127 128 131 135 149 150 157 159 160 161 165 167 168 171 176 177 180 181 186 190 191 195 199 200 202 205 211 212 213 214 216 217 221 224 228 230 231 233 234 235 236 238 240 244 245 247 248 249 
105 colors


line 107
3 7 12 14 17 18 20 21 24 25 26 27 28 29 30 32 33 34 36 39 47 49 50 53 56 59 63 66 68 71 72 74 75 77 78 79 81 83 86 88 90 91 94 97 98 102 107 111 112 113 116 118 119 120 121 122 124 125 127 131 134 135 138 141 142 144 149 156 157 158 160 161 163 165 166 167 168 170 171 173 176 177 179 180 181 185 199 200 202 205 211 212 213 214 216 217 221 223 225 227 230 233 234 235 237 240 244 245 247 248 249 250 254 255 
114 colors


line 108
7 8 16 17 18 20 21 22 25 29 30 33 34 36 39 47 49 50 51 53 56 59 63 66 68 71 74 75 77 78 79 80 81 86 87 88 89 90 91 94 96 97 98 102 108 112 113 118 119 121 122 123 124 125 126 127 128 131 134 135 138 141 142 147 149 157 158 160 161 163 165 167 168 176 177 179 181 186 187 190 195 196 199 200 201 202 211 212 213 214 216 221 223 225 228 230 233 234 236 238 240 242 244 245 247 249 254 
107 colors


line 109
8 11 13 14 16 17 20 21 25 29 30 31 32 33 34 36 39 40 44 45 50 51 53 57 59 63 66 68 69 71 72 74 75 77 78 79 81 83 84 86 87 89 96 97 98 101 102 108 111 118 119 120 121 124 125 128 131 133 134 135 138 141 147 149 155 157 161 163 166 167 168 170 171 173 176 177 179 185 188 190 191 194 195 199 200 202 210 211 212 214 217 220 225 228 230 233 234 235 236 238 240 244 245 247 248 249 
106 colors


line 110
6 8 9 16 17 20 22 25 27 29 30 33 36 40 49 52 53 56 59 60 66 68 71 72 74 75 76 77 78 79 80 81 82 84 86 87 88 89 94 97 98 102 108 111 113 118 119 120 121 124 127 128 132 135 141 142 155 157 160 161 165 166 167 168 170 171 176 190 191 194 195 200 201 202 212 213 220 221 230 231 232 233 234 235 236 238 240 244 245 247 255 
91 colors


line 111
16 17 20 25 29 30 32 33 45 48 50 51 53 59 63 64 65 66 68 70 71 74 75 77 78 79 80 82 86 87 89 94 97 98 102 110 111 115 118 119 120 124 128 131 135 141 142 149 157 158 159 161 165 167 168 170 171 173 176 179 187 190 191 195 199 200 201 202 207 212 216 217 219 220 225 230 231 232 233 234 235 238 239 240 242 244 245 247 
88 colors


line 112
12 13 16 17 21 22 25 27 29 30 32 33 34 44 45 51 53 54 59 63 66 68 70 71 72 75 77 78 79 80 82 86 87 89 93 97 98 101 102 107 109 111 112 113 115 118 119 120 121 125 126 128 131 134 135 141 142 144 149 155 157 161 165 167 168 170 171 173 176 179 186 190 191 194 195 199 200 202 207 211 212 214 219 221 225 228 230 233 234 235 236 238 239 240 242 244 245 247 249 253 255 
101 colors


line 113
8 12 13 17 29 30 32 33 34 49 50 51 53 54 55 59 63 64 66 68 71 73 74 77 78 79 80 81 82 83 86 87 88 89 94 97 98 100 102 107 108 109 112 113 118 121 124 126 128 130 131 134 135 140 141 142 143 144 149 157 161 163 167 168 171 173 176 179 186 187 191 195 199 200 202 213 216 221 225 228 230 231 232 233 234 235 236 238 239 240 244 245 247 249 255 
95 colors


line 114
3 8 12 13 17 24 27 28 29 30 32 33 36 44 45 51 53 55 59 63 64 66 68 70 71 72 73 74 77 78 80 81 82 83 86 87 88 89 94 97 98 102 109 110 112 113 115 118 120 121 124 130 131 134 135 142 157 158 159 161 163 167 168 171 173 176 179 185 186 187 191 195 199 200 201 202 217 219 225 230 233 234 235 239 240 243 244 245 247 248 254 
91 colors


line 115
8 12 13 17 20 27 28 29 30 31 32 33 45 49 50 53 54 55 59 64 66 68 69 70 71 73 74 75 77 78 79 80 81 86 87 89 90 93 94 96 97 98 101 102 108 109 111 113 115 118 120 121 123 125 131 134 135 141 142 150 157 159 161 167 168 170 171 173 176 178 179 186 189 190 191 193 195 199 200 201 202 217 223 225 228 229 230 233 234 235 238 239 240 244 245 247 248 249 255 
99 colors


line 116
6 8 13 16 17 27 29 30 33 34 36 44 45 49 51 53 55 59 63 65 66 68 71 72 74 75 77 78 79 80 86 87 88 90 93 97 98 102 108 115 118 119 120 121 124 125 127 128 131 134 135 137 138 141 142 147 150 151 157 158 161 162 167 168 171 173 176 179 190 191 194 195 199 200 201 202 221 225 228 230 233 234 235 238 239 240 244 245 247 248 254 255 
92 colors


line 117
3 6 8 13 14 16 17 24 27 29 30 32 33 34 36 45 49 50 51 53 59 63 66 68 70 71 72 74 75 77 78 80 83 86 88 93 94 97 98 102 108 109 111 113 115 118 120 121 125 127 128 131 134 135 139 143 144 147 155 157 160 161 167 168 170 171 173 176 179 181 186 190 191 194 195 199 200 201 202 213 221 225 228 230 233 234 236 238 239 240 244 245 247 255 
94 colors


line 118
6 8 10 13 16 17 27 28 29 30 32 33 36 39 44 45 49 50 51 53 59 63 64 66 68 70 71 73 74 75 77 78 79 80 83 86 88 90 93 94 98 102 109 115 118 120 121 124 125 127 128 130 131 134 135 142 143 144 145 147 149 155 157 160 161 168 171 173 176 178 179 186 190 191 195 199 200 201 202 203 207 209 219 221 223 228 230 231 233 234 235 236 238 239 240 244 245 247 255 
99 colors


line 119
8 9 13 16 17 27 29 30 32 33 36 39 45 48 49 51 52 53 59 63 64 65 66 68 71 73 74 75 78 79 82 83 86 88 90 93 94 97 98 102 113 118 119 120 121 124 125 126 128 130 131 134 135 138 139 142 144 147 149 155 157 161 165 166 167 168 171 178 179 181 185 186 190 191 195 200 201 202 214 221 225 230 231 233 234 235 236 238 239 240 244 245 247 255 
94 colors


line 120
6 8 14 16 17 20 27 28 29 30 32 33 36 46 48 50 51 53 59 63 66 68 70 71 74 75 77 78 79 80 83 86 88 93 94 97 98 102 107 111 113 115 117 118 119 120 121 130 131 134 135 141 142 144 145 147 150 157 158 160 161 166 167 168 176 178 179 181 186 191 195 199 200 201 202 212 214 221 223 225 228 230 231 233 234 235 236 238 239 240 244 245 247 249 254 
95 colors


line 121
9 11 16 17 21 27 29 30 32 33 36 41 44 45 47 48 49 50 51 53 58 59 60 66 68 69 70 71 72 78 79 80 86 87 88 90 93 94 97 98 102 109 111 113 115 118 120 121 130 131 134 135 140 141 143 144 145 147 155 157 159 161 167 168 171 176 179 180 181 191 193 195 199 200 202 209 211 214 216 221 225 228 230 231 233 234 235 236 238 239 240 244 245 247 252 
95 colors


line 122
3 8 9 16 17 20 27 28 29 30 32 33 36 39 45 46 48 49 51 52 53 59 60 66 68 70 71 72 77 78 79 80 82 83 84 86 87 88 90 93 94 97 98 102 111 113 115 117 118 119 121 124 125 130 131 135 141 142 145 152 155 157 158 159 161 162 167 168 169 176 178 179 185 190 191 193 194 195 199 200 201 202 209 221 228 230 233 234 235 239 244 245 249 255 
94 colors


line 123
3 6 8 13 16 27 29 30 33 36 39 43 44 45 46 48 50 51 53 55 59 62 66 68 70 71 72 77 78 83 84 86 87 88 90 93 94 97 98 111 113 115 118 120 121 125 127 130 135 141 142 145 147 157 158 160 161 165 167 168 169 171 174 176 178 179 180 181 186 188 190 191 193 195 199 200 202 203 214 216 218 221 223 225 228 230 232 233 234 235 238 239 240 241 244 245 248 255 
98 colors


line 124
3 8 9 10 13 16 17 18 20 27 29 30 32 33 34 36 38 39 48 49 51 53 59 62 66 68 71 72 78 79 82 84 87 88 93 94 97 98 103 108 110 113 115 118 120 121 127 128 130 131 135 143 144 145 147 149 157 159 161 162 167 168 171 176 178 179 186 188 193 195 199 200 201 202 203 225 228 230 231 233 234 235 238 239 240 241 244 245 249 254 255 
91 colors


line 125
3 8 9 11 16 17 22 23 27 29 30 32 33 34 36 38 49 51 55 59 62 63 66 68 71 72 78 79 82 84 88 90 93 94 97 98 111 113 115 118 120 121 124 125 127 128 130 131 134 135 143 144 146 147 151 155 157 161 168 170 171 176 179 181 186 188 191 193 195 199 200 202 205 209 216 218 225 228 230 233 234 235 236 238 239 240 244 245 255 
89 colors


line 126
3 4 6 8 9 14 16 17 22 28 29 30 32 33 34 36 42 48 51 53 59 62 63 66 68 70 71 77 78 79 84 88 90 93 97 98 111 113 115 118 121 125 127 129 130 131 134 135 142 144 145 147 157 161 166 168 171 179 180 186 188 189 191 193 199 200 202 203 205 206 209 216 219 222 225 228 230 231 233 234 235 238 239 240 244 245 255 
87 colors


line 127
3 4 6 8 9 10 11 16 20 21 22 27 28 29 30 32 33 34 36 37 38 42 48 49 50 51 53 55 59 63 68 71 77 78 84 88 90 92 93 94 97 98 99 109 111 113 115 118 120 121 123 125 127 129 131 135 140 144 154 157 159 161 164 165 167 168 171 179 185 186 188 190 191 193 199 200 202 205 206 219 222 225 228 230 233 234 235 238 239 240 244 245 255 
93 colors


line 128
3 11 14 16 18 20 26 28 29 30 32 33 36 38 44 46 48 50 51 58 59 65 68 71 72 77 78 81 87 88 89 90 92 93 94 97 98 101 103 106 109 110 111 113 116 118 120 121 123 126 127 129 130 131 134 135 139 143 144 145 155 157 160 161 164 167 168 170 171 178 179 181 186 188 199 200 204 206 214 216 217 219 221 222 225 228 229 230 231 232 233 234 235 238 239 240 244 245 248 255 
100 colors


line 129
2 3 6 8 9 10 16 17 20 22 27 28 29 30 32 33 36 46 48 49 50 51 53 55 57 59 62 68 71 72 76 77 78 79 80 81 82 88 90 92 93 94 96 97 98 101 108 109 111 113 117 118 120 121 125 126 127 135 145 155 157 158 159 160 161 165 167 168 170 171 178 180 181 185 186 188 193 199 200 201 202 206 209 212 214 219 221 225 228 230 233 234 235 238 239 240 244 245 255 
99 colors


line 130
9 16 17 18 21 22 23 25 27 29 30 31 32 33 39 42 46 48 49 50 51 53 54 56 58 59 66 68 71 74 77 78 80 88 93 94 97 98 101 102 111 113 115 117 118 120 121 124 125 126 131 133 135 142 143 145 155 157 161 165 167 168 169 170 171 174 176 178 182 186 188 190 191 194 195 199 201 202 205 207 211 213 214 216 217 219 220 224 225 230 232 233 234 235 239 240 244 245 255 
99 colors


line 131
2 6 8 9 13 15 16 17 21 23 25 28 30 31 32 33 36 39 40 44 47 48 49 50 51 59 64 68 70 71 77 78 88 93 94 96 97 98 101 102 106 109 111 112 113 115 117 118 120 121 124 125 131 133 135 139 142 143 145 150 151 155 157 158 160 161 162 165 167 168 169 174 176 178 181 186 189 191 194 195 198 199 201 202 205 207 214 219 224 225 228 232 233 234 235 239 240 244 245 247 248 253 255 
103 colors


line 132
2 8 9 13 15 16 17 27 29 30 32 33 36 38 44 46 48 49 50 51 53 54 55 59 65 66 68 71 76 77 78 80 81 83 84 86 90 91 94 97 98 106 107 108 109 113 115 118 120 121 125 128 131 133 134 135 139 140 142 143 144 145 150 155 157 158 161 162 165 168 169 171 174 178 181 186 187 188 189 190 191 198 199 200 202 205 209 211 214 219 220 224 225 228 230 233 234 235 238 239 240 242 244 245 
104 colors


line 133
3 8 9 13 15 16 17 22 27 28 29 32 33 36 38 46 47 48 50 51 53 54 58 59 65 67 68 70 71 78 80 81 82 86 90 91 92 96 97 98 106 113 115 117 118 120 121 125 126 127 128 130 131 135 138 139 140 143 144 145 150 152 155 157 158 159 161 162 166 168 169 171 178 179 181 186 188 190 191 199 200 202 205 214 216 219 221 225 228 230 233 234 235 239 240 244 245 249 253 
99 colors


line 134
8 9 13 15 16 17 18 27 28 29 30 31 33 36 37 38 40 44 45 46 48 49 50 53 54 59 67 68 70 71 77 78 82 83 84 87 89 90 91 93 94 97 98 106 111 113 116 117 120 125 126 127 130 131 135 139 140 152 153 155 156 157 158 161 168 169 171 178 179 180 181 185 186 191 199 200 201 202 205 214 217 219 221 222 225 228 232 233 234 235 237 238 239 240 243 244 245 249 253 255 
100 colors


line 135
3 6 8 9 15 16 20 26 27 28 29 30 32 33 36 37 40 44 45 46 48 49 50 51 53 54 55 57 58 59 62 64 67 68 70 71 77 78 83 90 91 92 94 96 97 98 102 106 107 108 109 110 111 112 113 115 116 117 118 120 121 124 125 127 131 133 135 139 143 145 148 149 152 155 156 157 158 161 162 167 168 169 171 174 178 179 181 186 190 191 192 199 200 201 202 205 209 214 215 220 225 228 230 233 234 235 237 239 240 244 245 248 253 255 
114 colors


line 136
2 6 8 9 11 16 17 20 25 27 28 29 30 32 33 36 40 44 45 46 48 49 50 52 53 54 58 59 67 68 70 71 72 77 78 81 82 84 86 89 90 92 94 96 97 98 106 107 108 111 112 113 115 116 117 118 119 121 125 126 127 128 130 131 133 135 143 148 152 155 156 157 158 160 161 167 168 169 171 178 179 181 186 190 191 196 198 199 200 201 202 204 205 211 213 215 217 218 221 224 225 228 230 231 232 233 234 239 240 243 244 253 255 
113 colors


line 137
2 3 6 8 9 11 16 17 25 27 28 29 30 32 33 36 38 40 46 48 51 53 55 56 57 58 59 64 66 68 70 71 72 73 76 77 78 82 83 84 86 91 94 96 98 108 109 110 113 115 116 117 118 119 120 121 124 125 127 133 134 135 139 143 144 145 147 148 150 152 155 156 157 158 160 161 168 171 177 179 180 181 186 188 190 191 198 199 200 201 202 204 210 211 214 217 218 219 224 225 228 232 233 234 240 244 245 254 255 
109 colors


line 138
3 8 11 13 16 18 22 25 27 28 29 30 32 33 36 38 39 40 44 45 46 50 52 53 54 55 58 59 60 62 64 67 68 70 71 74 76 77 78 80 82 86 87 88 90 91 92 93 94 96 97 98 101 103 105 107 109 111 113 115 116 117 118 125 126 131 133 135 148 150 155 157 158 160 161 165 168 169 171 177 179 181 186 191 192 194 198 199 200 201 202 204 205 207 210 213 214 217 219 221 225 228 230 232 233 235 238 240 244 245 248 249 251 253 255 
115 colors


line 139
3 8 9 10 11 16 17 20 22 26 27 28 29 32 33 36 38 39 40 42 44 45 46 47 48 50 54 55 57 58 59 62 65 66 67 68 70 71 72 73 77 78 79 80 82 88 92 94 96 97 98 101 108 113 117 118 120 121 124 125 126 128 129 130 131 135 139 143 145 147 148 154 155 157 158 161 165 166 167 168 171 178 179 181 186 188 190 191 199 200 201 202 204 209 210 213 214 215 216 217 221 223 225 228 230 232 233 235 238 240 241 244 245 248 253 255 
116 colors


line 140
3 8 9 10 11 13 18 22 25 26 27 28 29 30 32 33 36 38 39 40 42 46 48 49 50 51 52 55 56 59 64 66 68 69 70 71 72 73 77 78 79 80 81 83 87 88 90 91 92 94 96 97 98 101 102 103 113 115 117 118 120 121 122 124 125 126 131 134 135 143 144 145 150 152 154 155 157 158 159 161 167 168 169 176 177 178 179 181 185 186 188 189 191 198 199 200 201 202 210 212 213 216 217 218 219 220 222 225 228 230 233 234 235 237 238 240 241 245 247 249 254 255 
122 colors


line 141
2 5 8 9 11 16 20 21 23 26 28 29 31 33 38 39 42 45 46 47 48 49 50 51 55 59 60 67 68 71 77 78 79 80 81 82 83 87 88 89 92 94 97 99 102 107 108 113 115 117 118 119 120 122 124 125 130 131 134 135 138 139 144 147 152 154 157 158 161 162 165 167 168 176 177 178 179 180 186 188 191 192 194 195 199 200 202 203 210 212 217 219 222 225 228 230 233 234 235 237 238 240 243 245 249 254 255 
107 colors


line 142
2 5 8 11 15 16 18 21 22 23 24 25 27 28 29 30 32 33 34 36 38 39 42 44 47 48 49 50 55 58 59 60 64 68 71 72 73 76 77 78 80 81 83 87 90 92 93 94 97 98 101 102 107 108 109 113 115 118 119 121 122 124 125 126 127 128 130 131 133 134 135 142 147 150 152 155 157 158 161 162 165 167 168 169 179 181 186 188 191 192 193 194 199 200 201 202 204 205 207 210 214 216 219 220 222 224 228 230 232 233 234 235 237 239 240 241 245 255 
118 colors


line 143
3 5 8 9 13 16 20 23 24 26 27 28 30 32 33 38 46 47 48 49 50 51 53 55 57 58 59 62 64 66 71 72 73 77 78 79 80 82 86 87 92 97 98 108 111 113 115 117 118 120 121 122 124 125 128 131 133 134 135 144 150 152 154 155 157 158 161 162 165 167 168 169 171 176 178 179 180 187 191 193 194 195 199 200 201 202 204 205 208 209 210 212 214 217 225 228 230 232 233 234 235 237 238 239 240 242 245 246 248 249 254 255 
112 colors


line 144
5 9 11 13 15 20 21 23 26 27 28 29 30 31 32 33 36 38 44 46 47 48 49 50 55 57 58 59 60 61 62 63 66 68 71 72 76 77 78 79 84 86 90 91 93 97 98 107 109 113 115 118 119 120 121 122 124 125 128 130 131 133 135 139 144 147 151 154 155 157 158 160 161 162 168 169 171 176 177 179 180 182 185 186 188 191 193 194 195 199 200 201 202 205 209 210 217 219 220 221 222 225 228 229 230 232 233 235 238 239 245 246 249 253 254 255 
116 colors


line 145
3 6 8 9 11 12 15 16 17 22 23 27 28 29 31 32 33 36 38 44 46 47 48 49 50 51 52 53 57 58 59 62 63 64 66 71 77 78 79 84 86 89 90 91 93 94 97 98 101 107 108 110 114 115 117 118 122 125 127 128 130 131 135 136 139 143 144 145 147 150 155 157 158 160 161 162 165 167 168 169 171 178 179 180 181 182 186 188 189 191 193 194 198 199 200 204 205 207 210 214 215 218 220 224 225 230 233 235 238 239 240 241 243 245 249 255 
116 colors


line 146
6 9 10 11 13 15 16 22 26 27 28 30 31 32 33 34 36 38 39 44 45 46 47 48 50 52 58 59 62 64 66 67 68 71 77 78 79 80 81 84 90 94 97 98 101 102 107 109 110 115 118 120 125 126 128 130 131 133 134 135 136 139 144 145 147 148 150 153 154 155 158 160 161 162 165 167 168 169 170 176 177 179 181 188 191 193 198 199 200 202 205 206 209 210 218 221 224 225 228 230 233 235 237 238 239 240 243 244 245 247 255 
111 colors


line 147
2 5 6 7 8 9 11 15 16 27 28 29 30 31 32 33 36 38 42 44 47 52 58 59 60 63 64 65 66 68 70 71 77 78 81 84 86 90 91 93 94 97 98 102 103 107 108 109 110 112 113 115 118 120 125 128 129 130 131 133 135 142 144 145 147 150 153 154 155 158 160 161 167 168 169 170 176 177 178 179 180 187 188 189 190 191 193 200 201 205 209 210 215 216 217 218 224 228 230 233 237 239 240 244 245 246 248 253 254 255 
110 colors


line 148
8 11 12 15 16 26 27 28 29 32 33 36 38 40 44 46 47 48 50 55 58 59 60 62 65 66 68 73 77 78 79 80 81 82 83 84 91 93 94 96 97 98 103 107 108 109 112 117 120 123 125 126 128 129 130 131 132 135 136 139 143 144 145 148 152 153 154 155 157 160 167 168 169 170 177 178 179 180 181 182 188 190 191 193 196 198 200 201 202 205 209 210 221 225 228 229 230 233 234 235 237 238 239 244 245 247 248 249 254 255 
110 colors


line 149
4 5 8 9 10 11 15 16 20 23 28 29 30 32 33 36 38 40 44 46 47 48 50 56 57 59 60 65 68 71 77 78 79 82 84 87 91 93 94 96 97 102 103 105 107 108 109 112 115 116 117 118 120 123 125 126 130 131 133 135 136 139 143 144 145 147 150 152 153 154 155 157 160 161 165 168 169 171 177 178 179 181 190 192 193 194 199 200 202 203 204 205 208 209 210 214 215 217 221 222 225 228 229 230 233 234 235 237 238 239 240 244 245 247 254 255 
116 colors


line 150
3 4 8 9 10 11 16 23 26 28 29 32 33 37 38 42 44 46 47 48 49 50 52 54 55 56 59 63 65 68 71 77 78 79 81 84 86 87 90 91 93 94 97 98 99 101 103 107 109 113 115 118 119 120 123 125 126 128 130 131 134 135 139 142 143 144 145 147 150 152 153 154 155 157 158 159 160 165 168 169 170 171 177 178 179 181 184 185 188 192 199 200 201 203 204 205 209 211 212 213 214 217 219 222 228 230 233 235 237 238 239 243 245 254 
114 colors


line 151
4 5 6 8 9 11 15 16 21 22 28 29 32 33 36 38 42 44 46 48 50 52 55 56 58 59 62 65 66 68 71 77 78 79 82 84 86 91 93 94 96 97 98 99 102 107 109 114 115 116 117 118 120 123 125 126 127 128 131 133 134 135 138 139 142 144 145 147 150 152 153 155 157 158 159 160 161 162 165 167 168 170 171 177 178 179 181 182 184 185 187 188 189 191 192 193 194 199 200 201 202 203 204 205 206 208 209 210 214 217 218 221 222 224 225 228 230 233 234 235 237 238 239 241 243 245 248 254 255 
129 colors


line 152
4 5 6 8 10 11 18 20 21 22 25 26 27 28 29 32 33 35 36 38 40 42 44 46 48 49 51 56 58 59 60 62 68 71 77 78 79 81 83 84 86 91 93 94 96 97 98 101 102 103 104 107 108 113 115 117 118 119 123 125 128 131 134 135 136 139 140 143 144 147 148 150 152 154 155 157 158 159 160 161 165 167 168 171 178 179 180 181 184 185 186 187 188 189 190 192 199 200 201 202 203 204 208 209 210 213 214 217 218 219 221 222 228 230 233 234 245 248 253 255 
120 colors


line 153
3 4 5 6 8 9 10 11 15 16 20 26 27 28 29 32 33 35 36 38 39 40 42 44 46 47 48 51 54 55 56 57 58 59 62 65 66 68 71 77 78 84 93 94 97 99 104 106 108 113 115 116 117 118 120 123 125 126 128 131 134 135 139 140 143 144 145 147 150 152 155 157 158 159 160 161 165 167 168 170 171 175 176 177 178 179 180 181 184 185 186 187 190 191 199 200 201 202 203 208 209 210 211 212 214 217 218 219 224 225 228 230 233 238 239 242 243 245 248 255 
120 colors


line 154
4 5 6 8 10 12 16 20 21 22 25 26 28 30 32 33 35 36 38 44 45 46 48 50 51 52 54 56 57 58 59 60 65 66 67 68 70 71 77 78 81 82 87 91 93 94 96 97 98 101 102 104 105 106 107 112 115 116 117 118 123 125 126 128 129 131 133 135 136 139 140 144 145 147 150 155 157 158 160 161 165 167 168 169 171 174 176 178 179 180 182 184 185 186 188 191 192 194 199 200 202 203 205 208 209 210 214 217 218 224 225 228 233 234 235 239 245 247 248 255 
120 colors


line 155
4 5 6 8 9 10 13 16 20 26 28 29 32 33 35 36 38 39 40 41 44 45 46 48 49 51 54 56 57 58 59 60 62 65 66 67 68 70 71 77 78 81 82 84 91 93 94 97 102 106 107 115 116 117 118 121 124 125 126 129 130 131 133 135 139 140 143 144 145 147 150 152 155 157 158 161 165 167 168 171 174 177 178 179 180 181 182 184 185 186 190 191 192 199 200 201 202 203 204 205 207 208 209 214 216 217 218 225 230 233 234 235 244 245 247 253 
116 colors


line 156
2 4 5 6 8 9 10 13 16 20 21 27 28 29 32 33 35 36 38 39 44 46 48 49 50 51 55 57 59 60 62 66 68 71 77 78 79 82 91 93 94 97 99 101 102 103 106 107 108 109 113 115 116 117 118 124 125 126 128 129 131 135 139 144 145 147 150 151 152 155 157 161 165 167 168 170 174 177 178 179 180 181 182 184 186 189 191 192 194 199 201 202 203 204 207 208 211 214 217 218 219 220 221 222 225 228 233 235 238 239 245 247 248 255 
114 colors


line 157
3 4 5 6 8 9 10 13 18 20 26 27 28 29 32 33 35 36 38 40 44 45 48 49 50 55 56 57 58 59 60 64 65 66 68 70 71 77 78 82 84 87 91 93 94 96 97 101 102 106 107 108 113 115 116 118 123 124 125 126 127 128 131 139 140 144 145 147 150 152 153 155 157 161 165 168 170 171 172 174 178 179 180 181 182 184 185 186 187 189 191 192 200 202 203 204 207 208 209 211 214 217 218 220 221 224 225 228 230 233 235 238 239 245 248 253 255 
117 colors


line 158
4 5 6 8 9 10 20 21 25 26 27 28 32 33 35 36 44 46 48 49 50 51 57 58 59 60 61 64 65 66 68 76 77 78 84 87 91 94 97 101 102 106 107 112 115 118 123 124 125 126 131 135 139 140 144 145 147 150 152 153 155 156 157 158 161 165 167 168 172 174 178 179 180 181 182 184 186 187 189 190 191 192 197 200 201 202 203 204 208 209 212 214 218 220 222 224 225 228 233 235 239 245 248 254 
104 colors


line 159
4 5 8 9 12 16 18 20 21 25 27 28 29 30 32 33 35 36 38 40 45 46 48 49 50 51 55 57 58 59 66 70 71 76 77 78 82 87 89 91 93 94 97 101 102 106 107 109 112 113 115 118 123 124 125 126 128 131 133 135 139 144 145 147 150 152 155 157 158 161 167 168 171 172 174 178 179 180 181 182 184 186 187 191 192 194 197 199 200 201 202 203 208 209 214 217 218 220 228 230 233 235 238 239 242 245 248 253 255 
109 colors


line 160
3 5 6 8 9 27 28 29 30 32 33 35 36 41 46 48 50 51 55 57 58 59 64 65 66 71 76 77 78 82 89 91 93 94 97 101 102 106 107 109 112 124 125 131 135 139 140 144 145 147 150 155 157 158 161 165 168 171 172 174 176 178 179 181 184 185 186 187 191 192 193 197 198 199 200 201 202 203 204 209 214 218 220 222 230 233 235 238 239 245 248 253 255 
93 colors


line 161
2 3 4 6 8 9 26 27 28 30 32 33 35 36 44 46 48 49 50 51 54 58 59 60 64 68 70 71 76 77 78 82 93 94 96 97 101 102 106 107 108 109 112 115 116 118 120 123 125 126 128 131 135 139 140 145 150 151 155 157 161 165 167 168 169 171 172 176 178 179 181 182 184 186 191 197 199 200 201 202 203 204 209 214 217 218 220 222 230 233 235 239 242 245 247 248 253 254 255 
99 colors


line 162
2 5 8 9 20 21 27 28 32 33 35 36 46 47 48 49 50 51 54 55 57 58 59 60 65 66 68 70 71 76 77 78 80 82 89 93 94 97 98 99 101 102 104 106 107 112 115 116 119 120 125 126 128 129 131 133 135 139 143 144 145 150 153 155 157 158 161 165 167 168 171 172 174 176 178 179 180 181 182 184 185 186 191 194 199 200 201 202 203 204 209 214 217 218 230 233 235 238 239 243 245 255 
102 colors


line 163
4 5 6 8 9 13 21 25 28 29 32 33 35 36 38 41 45 46 48 50 51 52 54 55 58 59 65 66 70 71 77 78 82 84 86 93 94 97 102 106 107 108 115 117 125 126 129 133 134 135 139 140 143 145 147 152 155 157 158 159 161 165 167 168 171 172 179 180 181 182 184 185 186 191 192 199 200 201 202 203 204 209 210 214 215 217 218 221 224 233 239 241 243 245 248 255 
96 colors


line 164
4 5 6 7 8 9 10 11 13 15 18 20 22 27 28 32 33 35 36 38 41 45 46 47 48 50 51 54 55 58 59 64 65 66 70 71 77 78 82 91 93 96 97 101 104 106 107 109 113 115 117 119 125 128 129 131 133 134 135 139 140 143 144 145 148 150 155 157 158 159 161 165 167 168 169 171 172 176 178 179 181 182 184 185 186 191 199 200 201 202 203 204 208 209 212 214 217 218 221 224 228 232 233 238 239 243 245 248 249 253 254 255 
112 colors


line 165
3 4 5 6 7 8 10 11 20 21 26 27 28 31 32 33 35 36 41 44 45 46 47 48 51 54 55 57 58 59 64 65 71 77 78 80 86 87 89 91 93 94 101 102 103 104 106 109 113 115 116 117 118 119 123 125 126 129 131 134 135 139 140 143 144 145 146 155 157 159 161 164 165 167 171 172 174 176 177 178 179 181 182 184 185 186 191 199 200 201 202 203 204 209 210 212 214 217 218 221 225 228 230 233 239 243 245 248 255 
109 colors


line 166
3 4 5 8 9 10 11 19 20 21 26 27 28 29 31 32 33 34 35 36 38 41 44 46 47 48 49 51 54 57 58 59 64 65 70 71 78 81 84 86 87 89 93 97 101 104 106 108 115 116 117 118 123 125 126 129 130 131 135 139 140 143 144 145 148 155 157 159 161 164 165 167 171 172 174 175 176 179 180 181 182 184 186 191 194 200 203 204 208 209 211 212 218 219 221 228 230 232 233 235 239 241 243 245 248 255 
106 colors


line 167
3 4 5 6 8 9 10 11 16 20 22 26 27 28 31 32 33 35 36 38 45 48 54 55 56 58 59 65 68 70 78 82 84 87 93 94 97 99 102 104 106 107 108 109 113 115 116 118 119 125 130 131 135 140 143 145 146 147 148 150 151 157 159 165 167 171 172 174 176 177 178 179 181 184 185 186 191 200 201 204 209 210 216 217 218 222 228 230 232 233 235 239 243 245 248 251 
96 colors


line 168
3 4 5 6 8 9 10 11 16 19 20 27 28 31 32 33 35 36 38 45 47 48 50 51 54 57 58 59 60 64 65 67 78 83 84 87 93 97 104 106 109 116 118 119 123 125 130 131 135 139 140 143 145 146 148 150 153 155 157 161 165 167 168 171 172 174 176 178 179 181 182 184 185 186 191 200 201 202 204 209 210 211 215 218 230 233 235 239 245 248 251 253 255 
93 colors


line 169
3 4 6 9 11 13 15 16 20 21 27 28 32 33 35 36 38 44 45 47 48 49 51 54 56 58 59 60 62 65 67 70 71 78 84 93 97 101 102 106 115 116 118 124 125 128 129 130 135 139 143 145 146 147 148 150 152 155 157 161 165 168 171 176 178 179 181 182 186 191 196 202 203 204 209 210 212 215 218 222 228 230 232 233 235 239 245 255 
88 colors


line 170
3 4 6 8 9 13 15 16 20 21 27 28 29 32 33 34 35 36 38 47 48 49 51 54 55 57 58 59 60 65 68 70 78 84 93 97 98 101 102 104 106 107 110 112 113 115 116 123 125 129 130 135 139 140 143 145 147 150 152 155 157 159 161 165 167 168 171 174 178 179 180 181 182 184 185 186 191 193 196 200 202 203 204 209 210 218 221 228 230 233 235 239 245 247 255 
95 colors


line 171
3 4 5 9 11 13 16 21 22 26 29 32 33 35 36 38 48 49 51 54 55 58 59 65 66 70 71 78 86 93 94 97 98 101 102 103 104 106 108 109 112 115 116 118 119 125 129 131 135 139 140 143 144 145 148 150 153 155 157 159 161 165 167 168 171 174 176 178 179 181 182 184 185 186 191 200 203 204 207 209 210 215 218 225 228 230 232 233 235 238 239 244 245 254 255 
95 colors


line 172
3 4 5 6 8 9 11 13 16 20 22 27 28 29 32 33 36 38 47 48 49 51 52 54 55 58 59 65 68 70 71 78 86 93 97 101 102 104 106 108 109 115 116 118 119 125 126 129 130 131 134 139 140 143 144 145 147 148 150 152 155 157 159 161 169 176 178 179 181 182 184 186 191 198 200 202 203 204 209 215 218 219 225 228 230 232 233 235 239 245 254 255 
92 colors


line 173
3 4 6 8 11 13 16 20 22 27 28 32 33 35 36 45 46 47 48 49 51 54 55 59 65 68 70 71 78 81 83 86 93 98 101 102 104 106 107 109 110 115 116 125 129 130 131 134 135 139 143 145 150 152 155 157 158 159 161 167 169 170 176 177 178 179 181 182 184 186 191 200 203 204 207 209 210 218 219 221 222 228 230 232 233 235 239 240 245 255 
90 colors


line 174
3 4 6 8 21 22 26 28 32 35 36 45 48 49 51 52 55 56 59 60 64 65 68 70 78 83 86 91 93 94 96 101 104 107 108 115 116 123 125 130 131 134 135 139 143 145 150 152 155 157 158 159 165 170 177 179 181 184 185 186 187 191 194 200 203 204 207 209 217 218 219 221 222 229 233 234 235 238 239 243 245 253 255 
83 colors


line 175
3 4 5 6 8 12 13 16 20 22 23 27 28 32 35 36 38 40 45 48 49 51 54 55 58 59 60 64 65 66 78 83 84 86 93 98 101 106 107 109 110 115 116 125 130 131 134 135 139 142 143 144 145 147 150 155 159 165 169 170 174 178 179 182 184 185 186 187 191 200 202 203 204 208 209 218 221 228 233 235 238 239 245 247 249 253 254 255 
88 colors


line 176
3 4 5 6 9 10 12 16 18 20 21 22 28 32 36 38 39 45 48 49 50 51 52 54 56 58 59 65 66 67 70 78 83 84 86 93 107 109 110 115 118 125 126 128 130 131 134 135 139 143 144 145 147 150 152 155 158 159 161 165 167 170 171 174 178 179 181 182 184 185 186 200 202 203 204 208 209 212 218 221 228 233 235 239 243 245 249 255 
88 colors


line 177
3 4 5 6 8 9 16 21 22 26 28 29 31 32 36 38 39 41 44 45 48 51 54 55 56 58 59 60 64 65 66 78 81 83 84 86 93 97 101 107 109 110 115 123 125 128 131 134 135 139 143 145 147 150 155 157 159 170 171 177 178 179 181 182 184 186 191 200 202 203 204 209 214 215 218 221 228 230 233 235 239 245 249 255 
84 colors


line 178
4 5 6 8 10 11 16 21 26 27 28 32 33 36 37 39 41 45 46 48 50 54 55 59 64 65 66 68 78 81 83 86 93 97 101 107 109 110 115 117 119 125 128 130 134 135 139 142 143 145 150 155 158 159 169 177 178 179 181 182 185 187 189 191 194 196 200 201 202 203 204 209 211 215 218 221 228 233 235 239 245 249 253 255 
84 colors


line 179
3 4 5 6 9 16 18 21 26 27 28 32 41 45 48 49 50 54 56 58 59 60 64 65 66 68 74 75 78 81 83 86 93 97 106 109 110 115 116 117 118 121 125 128 130 134 135 139 142 143 144 147 150 152 155 158 159 165 174 176 177 178 179 181 182 185 186 189 191 196 200 202 204 206 208 209 211 212 213 214 215 218 228 233 235 239 243 245 247 249 253 
91 colors


line 180
1 3 4 5 8 9 11 12 13 16 26 27 28 31 40 46 48 50 54 56 57 58 59 60 64 66 74 75 78 81 83 86 93 97 101 106 107 109 115 116 117 119 124 125 126 128 130 134 135 139 142 143 150 155 159 169 177 178 179 182 185 191 200 201 204 208 209 211 214 218 224 228 233 235 239 245 247 249 254 255 
80 colors


line 181
4 5 6 8 9 16 21 26 27 32 40 41 44 46 48 50 57 59 60 65 66 71 74 78 83 86 91 101 102 106 107 109 110 115 116 117 123 124 125 128 130 134 135 139 140 142 143 144 147 150 155 157 158 159 169 171 176 177 178 179 182 185 186 188 191 200 201 202 204 206 208 214 218 222 228 233 239 243 245 247 253 254 
82 colors


line 182
4 5 6 11 12 16 18 20 22 26 27 33 40 41 44 46 48 50 54 56 57 58 59 60 64 66 69 74 78 83 86 87 89 91 97 101 107 109 110 115 116 117 123 125 126 128 130 134 135 139 142 143 144 147 150 155 157 158 159 170 176 177 178 179 181 182 184 187 188 191 202 203 204 209 210 211 212 214 218 220 224 228 230 233 235 239 245 248 249 253 254 255 
92 colors


line 183
3 4 5 6 11 16 20 22 25 27 32 33 35 41 48 54 56 57 58 59 60 64 66 70 74 78 83 86 87 89 98 101 102 107 109 110 116 118 123 125 126 128 130 134 135 139 143 144 148 150 155 159 176 178 179 182 184 185 188 191 200 201 203 204 208 211 212 213 214 217 218 220 221 228 230 232 233 235 239 242 245 248 249 253 254 
85 colors


line 184
4 5 6 11 12 16 18 22 27 32 33 38 41 45 50 57 58 59 61 64 66 70 74 78 79 81 83 86 87 97 101 107 109 113 115 116 118 123 125 128 129 130 134 135 139 142 143 147 148 150 155 157 159 167 176 177 178 179 182 184 187 188 191 201 202 203 204 209 211 214 215 217 218 219 220 223 226 228 232 233 235 239 242 245 255 
85 colors


line 185
1 5 6 8 16 22 25 27 28 32 33 34 38 50 54 56 57 58 59 60 61 64 66 70 74 78 82 83 86 87 89 97 101 107 115 118 123 124 128 130 131 134 135 139 142 143 144 150 155 157 159 176 177 178 179 182 184 188 191 200 201 202 203 204 211 215 218 226 228 233 235 239 242 245 249 255 
76 colors


line 186
5 6 11 12 16 22 25 26 27 28 32 33 34 38 48 50 57 58 59 60 61 64 66 74 78 83 86 89 93 97 101 107 109 115 118 123 126 128 131 134 135 139 142 143 144 147 150 155 157 158 159 176 178 179 182 187 191 200 201 203 204 208 210 211 214 217 218 228 233 235 239 242 245 248 255 
75 colors


line 187
1 5 11 12 18 20 21 25 27 28 32 33 38 44 48 50 51 52 56 57 59 60 61 64 66 71 74 75 78 81 83 86 87 89 91 93 97 101 107 109 123 124 128 130 131 134 135 139 142 143 144 147 150 155 157 158 159 161 165 176 177 178 179 182 191 200 204 208 211 212 217 228 233 235 239 242 245 248 249 253 255 
81 colors


line 188
1 5 6 12 16 20 25 26 27 28 32 33 38 48 50 51 55 56 57 59 61 64 66 70 74 75 78 83 86 87 89 91 96 97 101 102 109 115 117 123 124 125 126 128 130 134 135 139 142 143 147 150 155 157 159 165 167 176 177 178 179 182 200 201 202 204 209 217 218 228 233 235 239 242 245 248 249 253 255 
79 colors


line 189
5 6 11 12 16 20 25 27 28 33 38 40 46 48 50 58 59 60 61 64 66 68 70 74 75 78 83 86 87 89 91 96 97 101 104 109 113 123 124 126 128 130 134 135 139 143 147 150 157 158 159 161 167 168 169 171 176 177 178 179 182 185 187 191 200 201 202 204 208 209 212 217 228 233 235 239 245 248 249 253 255 
81 colors


line 190
1 5 6 8 11 12 16 20 26 27 28 32 33 38 47 48 50 57 58 59 60 61 64 66 74 75 78 82 83 86 87 89 97 101 102 107 109 110 113 117 118 123 124 126 130 131 135 139 147 150 155 157 159 176 177 178 179 182 187 191 200 201 202 204 207 208 210 212 213 218 219 220 228 233 235 239 245 248 255 
79 colors


line 191
3 5 6 11 12 16 25 27 28 31 32 33 38 40 48 50 57 58 59 61 64 66 68 70 71 74 75 78 86 87 89 97 101 104 107 109 115 124 128 134 135 139 147 150 157 159 163 167 176 178 182 187 190 191 200 201 204 207 208 209 212 213 217 218 228 232 233 235 239 245 248 249 253 
73 colors


line 192
1 5 6 11 12 13 16 18 20 27 33 47 48 50 59 60 61 64 66 70 74 75 77 78 82 86 89 92 101 107 115 123 125 128 135 139 147 150 155 157 163 167 178 179 182 183 191 211 213 215 217 218 232 233 235 239 245 248 249 253 
60 colors


line 193
1 5 6 7 12 16 18 20 27 33 50 59 61 66 70 71 78 80 82 86 89 97 101 107 109 113 115 123 124 125 126 128 134 139 147 148 150 155 163 176 177 178 179 182 183 191 197 200 201 202 213 217 218 232 233 235 239 245 248 249 253 255 
62 colors


line 194
7 12 13 20 26 27 32 33 48 50 59 61 64 66 68 70 71 75 77 78 86 89 96 97 101 107 109 110 113 123 124 128 134 135 139 147 150 155 165 167 176 177 178 179 182 183 189 191 200 201 202 213 215 218 233 235 239 245 248 253 255 
61 colors


line 195
1 12 26 27 29 30 33 40 48 50 56 58 59 61 64 66 70 74 77 78 82 97 101 107 109 118 123 126 128 134 135 139 141 147 150 155 158 167 168 171 176 177 178 179 182 183 191 200 201 202 213 215 227 232 233 239 243 245 248 253 255 
61 colors


line 196
1 5 6 12 20 26 27 39 40 50 58 59 60 61 63 64 66 68 70 74 77 78 81 89 96 109 117 120 123 128 135 137 139 147 150 155 158 165 167 170 177 178 179 182 183 187 191 201 202 212 215 217 225 227 230 233 235 239 245 248 255 
61 colors


line 197
1 6 12 20 21 27 30 31 32 33 44 46 50 59 60 61 63 64 66 70 71 74 75 77 78 81 89 96 109 110 120 123 124 135 139 147 150 158 165 167 168 169 177 178 179 182 185 190 191 194 201 202 209 213 214 217 227 230 233 235 239 243 245 246 248 249 
66 colors


line 198
1 6 8 12 13 20 24 26 27 30 33 46 50 56 59 61 64 66 70 71 74 77 78 83 86 87 89 96 109 115 118 123 124 135 139 147 150 165 167 168 177 178 179 182 185 187 189 190 191 194 200 201 213 214 220 230 233 235 239 245 249 254 255 
63 colors


line 199
1 6 8 12 16 18 20 27 31 33 50 55 59 61 64 66 71 77 78 83 89 97 109 110 119 123 124 126 133 139 147 165 167 168 170 171 178 179 187 189 191 200 201 202 213 214 230 233 235 239 245 249 255 
53 colors
