LO        
6
3
3
1
1
1
1
2
1
8
6
3
17
12
22
8
12
3
6
22
17
8
17
3
22
12
6
8
3
12
17
22
6
8
22
3
12
17
6
7
23
2
5
1
18
7
1
2
23
18
5
7
5
2
18
1
23
7
2
1
5
18
23
7
18
2
1
5
23
16
21
11
20
10
13
16
10
11
21
13
20
16
20
11
13
10
21
16
11
10
20
13
21
16
13
11
10
20
21
15
14
19
24
4
9
15
4
19
14
9
24
15
24
19
9
4
14
15
19
4
24
9
14
15
9
19
4
24
14
78
80
81
77
180
85
82
83
5
2
5
2
8
2
2
5
5
5
2
5
5
5
8
2
5
5
2
8
8
8
8
8
1
1
0
17
8
2
0
2
0
5
31
0
1
1
0
11
27
2
0
2
0
5
27
0
2
0
0
25
7
4
0
2
0
6
36
0
0
2
0
0
35
0
1
1
0
26
18
2
1
1
0
25
11
2
1
1
0
23
13
2
0
2
0
1
20
0
1
1
0
21
9
2
1
1
0
16
10
2
1
1
0
14
7
2
2
0
0
12
9
4
0
2
0
0
42
0
1
1
0
24
4
2
1
1
0
10
16
2
0
2
0
2
20
0
2
0
0
14
3
4
2
0
0
35
1
4
2
0
0
12
6
4
2
0
0
40
0
4
2
0
0
21
5
4
2
6
0
1
