1
14
7
22
1
6
20
11
1
7
31
19
1
20
15
13
1
5
7
19
1
22
10
21
1
26
11
24
1
30
4
15
1
30
24
5
1
26
12
27
0
9
19
18
0
7
14
9
0
7
12
20
0
15
16
12
0
16
2
14
2
13
13
20
2
15
19
26
2
23
25
11
2
23
12
28
2
20
21
10
2
13
14
28
2
24
27
11
2
15
32
30
2
18
11
19
2
22
17
20
0
15
17
16
0
7
4
4
0
13
12
15
0
10
7
14
0
11
12
12
3
15
4
18
3
14
11
2
3
6
2
7
3
4
18
20
3
8
11
20
3
10
10
2
3
10
20
14
3
2
3
17
3
14
16
14
3
3
11
16
0
11
13
19
0
13
14
10
0
17
22
5
0
17
10
18
0
20
7
18
4
30
13
36
4
21
35
43
4
35
30
11
4
30
23
44
4
23
30
23
4
25
19
18
4
30
11
11
4
26
9
42
4
15
28
13
4
20
24
20
0
13
23
17
0
2
10
20
0
16
16
23
0
5
11
16
0
11
19
9
5
14
24
17
5
15
7
16
5
25
12
15
5
12
13
12
5
28
24
11
5
25
10
9
5
20
8
1
5
9
20
19
5
10
13
26
5
18
14
8
0
16
3
4
0
7
17
12
0
7
1
11
0
8
9
16
0
17
19
14
6
8
10
14
6
10
11
9
6
19
18
9
6
1
15
7
6
13
7
16
6
12
16
6
6
2
9
20
6
14
17
5
6
8
8
14
6
1
18
14
0
6
10
19
0
10
14
15
0
18
19
16
0
5
11
9
0
15
3
15
7
9
9
16
7
14
9
28
7
17
18
14
7
13
24
27
7
8
8
8
7
28
18
11
7
10
9
8
7
32
4
18
7
18
16
19
7
10
9
8
0
13
6
8
0
8
23
12
0
10
16
3
0
8
20
6
0
14
19
20
8
4
5
10
8
1
8
6
8
9
19
19
8
2
11
16
8
20
13
20
8
13
10
7
8
9
6
16
8
19
15
9
8
15
4
19
8
1
8
9
0
13
9
4
0
16
22
4
0
23
20
22
0
19
16
18
0
8
15
13
9
36
26
18
9
38
39
27
9
33
32
40
9
44
31
13
9
28
23
31
9
29
37
4
9
34
5
19
9
29
25
27
9
12
28
33
9
25
29
7
0
13
14
11
0
8
19
14
0
7
6
16
0
20
7
5
0
23
13
16
10
32
13
15
10
40
31
21
10
14
33
22
10
6
26
22
10
14
28
29
10
41
21
25
10
39
6
35
10
37
16
20
10
18
21
31
10
19
20
28
0
19
19
20
0
10
20
13
0
6
4
2
0
22
19
7
0
15
17
10
11
14
24
24
11
34
20
5
11
41
8
27
11
27
32
10
11
22
26
40
11
23
31
12
11
32
17
31
11
9
20
25
11
13
31
14
11
19
3
22
0
3
6
20
0
14
8
23
0
15
12
18
0
8
6
14
0
13
19
20
12
8
15
13
12
17
7
15
12
17
18
9
12
11
19
5
12
17
11
10
12
10
15
14
12
18
13
19
12
14
12
11
12
8
17
2
12
17
8
18
0
11
17
11
0
10
8
7
0
5
4
4
0
8
22
8
0
3
16
8
13
34
12
10
13
30
20
29
13
14
7
16
13
18
12
21
13
12
14
11
13
23
25
37
13
29
19
22
13
19
34
19
13
22
15
11
13
23
22
34
0
11
7
16
0
6
13
3
0
7
19
19
0
12
4
5
0
24
12
3
14
31
40
14
14
26
31
29
14
23
5
18
14
38
18
44
14
26
27
33
14
30
22
28
14
22
28
26
14
40
34
40
14
26
13
18
14
22
39
44
0
19
17
6
0
14
23
15
0
21
7
5
0
14
22
22
0
4
6
22
15
45
34
27
15
24
2
16
15
21
19
19
15
12
18
48
15
1
22
43
15
44
17
20
15
13
34
22
15
28
40
43
15
35
41
13
15
42
15
36
0
6
5
17
0
2
3
11
0
19
20
16
0
22
4
9
0
13
9
23
16
23
1
26
16
8
25
18
16
19
15
25
16
30
37
13
16
17
19
20
16
11
26
17
16
27
9
18
16
7
1
23
16
25
12
21
16
23
10
28
0
5
22
17
0
15
11
17
0
15
16
3
0
8
4
8
0
7
2
4
17
10
4
20
17
11
13
12
17
10
20
19
17
14
5
14
17
14
11
15
17
15
8
12
17
12
9
19
17
19
18
4
17
1
15
1
17
5
6
18
0
11
5
3
0
3
8
19
0
11
19
11
0
8
21
2
0
18
18
13
18
10
8
8
18
7
14
21
18
7
24
14
18
17
10
6
18
5
24
13
18
26
27
19
18
10
11
9
18
3
23
25
18
22
10
9
18
26
13
16
0
9
23
19
0
5
16
16
0
4
4
12
0
7
19
22
0
20
23
7
19
37
20
27
19
44
8
36
19
21
15
22
19
31
24
21
19
22
21
26
19
16
22
22
19
16
24
9
19
18
39
9
19
20
24
31
19
34
32
24
0
17
9
13
0
12
7
5
0
17
4
9
0
3
9
15
0
21
2
4
20
26
16
15
20
26
11
13
20
28
15
31
20
29
25
18
20
26
15
8
20
27
24
14
20
32
4
18
20
25
34
24
20
1
11
23
20
6
17
12
0
19
22
19
0
4
7
22
0
7
13
6
0
19
17
4
0
17
6
6
21
13
24
25
21
30
22
21
21
27
11
26
21
32
11
12
21
35
23
19
21
16
32
13
21
38
7
18
21
23
16
25
21
13
22
25
21
23
2
23
0
20
11
7
0
10
19
20
0
12
12
5
0
11
21
8
0
16
23
17
22
11
15
1
22
18
9
2
22
15
18
20
22
16
13
6
22
6
5
6
22
8
7
12
22
19
4
9
22
16
14
6
22
17
5
1
22
5
16
5
0
22
7
4
0
14
9
12
0
18
2
22
0
13
7
18
0
11
3
7
23
11
20
24
23
18
22
13
23
21
28
22
23
14
23
11
23
14
26
22
23
16
28
31
23
30
24
15
23
8
26
23
23
21
19
20
23
18
26
11
0
19
9
5
0
22
13
21
0
7
10
14
0
14
14
6
0
1
6
20
24
14
20
20
24
8
32
20
24
46
14
23
24
15
6
42
24
30
8
14
24
32
31
39
24
27
19
44
24
41
17
29
24
6
19
8
24
4
14
32
0
21
21
19
0
9
7
13
0
20
15
12
0
10
19
15
0
11
10
8
8
3
12
22
17
6
7
2
1
18
5
23
16
11
10
13
20
21
15
19
4
9
24
14
