18
119
19
119
20
119
21
119
22
119
23
119
23
118
24
118
25
118
26
118
27
118
27
117
28
116
29
116
29
115
30
115
31
114
32
114
32
112
33
112
33
111
35
110
35
109
36
109
37
108
37
107
38
106
38
105
39
104
39
103
40
103
40
102
41
101
41
100
41
99
42
99
42
98
43
98
43
97
43
96
44
96
44
95
44
94
45
94
45
93
45
92
45
91
46
91
46
90
46
89
47
88
47
87
47
86
48
86
48
85
48
84
49
84
49
83
49
84
48
84
48
85
48
86
47
87
47
88
46
88
46
89
46
90
46
91
45
91
45
92
45
93
44
93
44
94
43
95
43
96
43
97
43
98
43
99
42
99
42
100
42
101
42
102
42
103
42
104
42
105
42
106
42
107
42
108
42
109
42
110
42
111
43
111
43
112
43
113
44
113
45
114
45
115
46
115
47
115
47
116
48
116
48
117
49
117
50
117
51
117
52
117
53
117
53
116
54
116
55
116
55
115
56
115
56
114
57
114
57
112
58
112
59
111
59
110
60
109
61
109
61
108
62
107
62
106
63
106
64
104
64
103
65
103
65
102
65
101
66
100
67
99
67
98
68
98
68
97
68
96
69
96
69
95
69
94
70
94
70
93
71
92
71
91
71
90
72
90
72
89
72
88
73
88
73
87
73
86
73
87
73
88
72
88
72
89
72
90
71
90
71
91
70
92
70
93
70
94
70
95
69
95
69
96
69
97
68
97
68
98
68
99
68
100
68
101
68
102
68
103
67
103
67
104
67
105
67
106
67
107
67
108
67
109
67
110
67
111
68
112
68
113
69
113
69
114
70
114
70
115
71
115
72
115
73
115
74
115
75
115
76
115
77
115
77
114
78
114
79
114
80
114
81
114
81
113
82
113
82
112
83
112
84
112
84
111
85
111
85
110
86
110
86
109
86
108
87
108
102
110
102
109
102
108
102
107
101
107
101
106
100
106
99
106
99
105
98
105
97
105
97
104
96
104
95
104
94
104
93
104
92
104
91
104
90
104
89
104
89
105
88
105
87
105
87
106
86
106
86
107
86
108
85
109
85
110
85
111
85
112
85
113
85
114
85
115
86
115
86
116
87
116
87
117
88
117
89
117
90
117
91
117
92
117
93
117
94
117
95
117
95
116
96
116
97
116
97
115
98
115
98
114
99
114
99
113
99
112
100
112
100
111
101
111
101
110
101
109
101
108
101
107
101
106
101
107
101
108
101
109
101
110
101
111
101
112
101
113
102
113
102
114
102
115
103
115
104
116
104
117
105
117
106
117
107
117
108
117
109
117
110
117
111
117
111
116
112
116
113
116
113
115
114
114
115
114
115
112
116
112
116
111
117
110
117
109
117
108
118
107
118
106
119
106
119
104
120
104
120
103
120
102
121
102
121
101
121
100
122
100
122
99
122
98
123
97
123
96
123
95
123
94
124
94
124
93
124
92
125
92
125
91
125
90
125
89
125
88
126
88
126
87
126
86
126
85
126
84
127
84
127
83
126
84
126
85
126
86
126
87
125
87
125
88
125
89
124
90
124
91
124
92
123
93
123
94
123
95
122
95
122
96
122
97
122
98
122
99
122
100
122
101
122
102
122
103
122
105
122
106
122
107
122
108
122
109
122
110
122
111
122
112
122
113
123
113
123
114
124
114
124
115
125
115
126
115
127
115
128
115
129
115
129
114
130
114
131
114
132
114
132
113
133
112
134
112
134
111
135
110
136
110
137
109
137
108
138
108
138
107
138
106
139
106
139
105
140
104
140
103
141
102
141
101
141
100
142
100
142
99
142
98
143
98
143
97
143
96
143
95
144
95
144
94
144
93
145
93
145
92
145
91
145
90
145
89
146
89
146
88
146
87
146
86
146
87
146
88
146
89
146
90
146
91
146
92
146
93
145
93
145
94
145
95
145
96
145
97
145
98
145
99
144
99
144
100
144
101
144
102
144
103
144
104
144
105
144
106
143
106
143
107
143
108
143
109
143
110
143
111
143
112
143
113
144
113
144
114
144
115
145
115
146
115
146
116
147
116
148
116
148
117
149
117
150
117
151
117
152
117
153
117
154
116
155
116
155
115
104
94
105
94
105
95
106
95
107
95
108
95
109
95
110
95
111
96
112
96
112
97
113
97
114
97
115
97
116
97
117
97
117
98
118
98
119
98
120
98
121
98
122
99
123
99
124
99
125
99
126
99
128
99
129
99
130
99
131
99
133
99
134
99
135
99
136
99
137
99
138
99
139
99
141
99
142
99
143
99
144
99
145
98
147
98
148
98
149
98
150
98
151
98
152
98
153
98
154
98
155
98
156
98
155
116
155
115
156
115
156
114
157
114
158
114
159
114
159
113
160
113
160
112
161
112
162
112
162
111
163
111
164
111
164
110
165
110
166
110
166
109
167
109
167
108
168
108
169
108
170
108
170
107
171
107
171
106
172
106
173
106
174
106
174
105
175
104
176
104
177
104
177
103
178
103
178
102
179
102
180
102
181
102
181
101
182
101
182
100
183
100
183
99
184
99
184
98
185
98
185
97
186
97
186
96
187
96
187
95
187
94
188
94
188
93
189
92
189
91
189
90
190
90
190
89
190
88
190
87
190
86
190
85
190
84
190
83
190
82
189
82
188
82
188
81
187
81
187
80
186
80
185
80
184
80
184
79
183
79
182
79
181
79
180
79
179
79
178
79
177
79
176
79
176
80
175
80
175
81
174
81
174
82
173
82
173
83
172
83
172
84
172
85
171
85
171
86
171
87
171
88
171
89
171
90
171
91
170
93
170
94
170
95
170
96
170
97
170
98
170
99
170
100
170
101
170
102
170
103
170
104
170
105
170
106
170
107
170
108
170
109
170
110
170
111
170
112
170
113
170
114
170
115
171
115
171
116
171
117
171
116
171
115
171
114
172
114
172
113
172
112
172
111
173
111
173
110
173
109
174
109
174
108
174
107
175
107
175
106
176
106
177
106
177
105
178
105
178
104
179
104
180
104
181
104
182
104
182
105
183
105
184
105
184
106
185
106
185
107
186
107
186
108
186
109
187
109
187
110
187
111
188
111
188
112
189
112
189
113
190
113
190
114
191
114
191
115
192
115
193
115
194
115
195
115
196
115
197
115
198
115
199
115
199
114
200
114
201
113
201
112
202
112
202
111
202
110
202
109
203
109
203
108
203
107
203
106
204
106
204
105
204
104
204
105
204
106
204
107
204
108
205
109
205
110
205
111
205
112
205
113
206
113
206
114
207
114
207
115
208
115
209
116
210
116
210
117
211
117
212
117
213
117
214
117
202
93
237
110
237
109
237
108
236
107
236
106
235
106
234
106
234
105
233
105
233
104
232
104
231
104
230
104
229
104
228
104
227
104
226
104
225
104
224
104
223
104
223
105
222
105
221
105
220
105
220
106
219
106
219
107
218
107
218
108
218
109
218
110
218
111
218
112
218
113
218
114
219
114
219
115
220
115
220
116
221
116
221
117
222
117
223
117
224
117
225
117
226
117
227
117
228
117
228
116
229
116
230
116
230
115
230
114
231
114
231
113
231
112
232
112
232
111
232
110
233
110
233
109
233
108
234
107
234
106
234
107
234
108
234
109
235
109
235
110
235
111
235
112
235
113
236
113
237
114
237
115
238
115
238
116
239
116
239
117
240
117
241
117
242
117
243
117
244
117
245
117
245
116
246
116
247
116
247
115
247
114
248
114
249
114
249
113
250
113
250
112
251
112
251
111
252
111
252
110
253
110
253
109
254
109
254
108
255
108
256
108
256
107
257
107
257
106
258
106
259
106
259
105
259
104
260
104
261
104
261
103
262
103
262
102
263
102
263
101
262
101
261
101
261
102
261
103
260
103
260
104
260
105
260
106
260
107
261
107
261
108
262
108
262
109
263
109
264
109
265
109
265
110
266
110
266
111
267
111
267
112
268
112
268
113
268
114
269
114
269
115
269
116
269
117
269
118
268
118
268
119
267
119
266
119
265
119
16
136
17
136
18
136
19
136
20
136
21
136
22
136
22
137
23
137
24
137
25
137
26
137
27
137
28
137
29
137
30
137
30
138
31
138
31
139
32
139
33
139
33
140
34
140
34
141
35
141
36
141
36
142
36
143
37
143
37
144
38
144
38
145
39
146
39
147
39
148
39
149
39
150
39
151
40
151
40
152
40
153
40
154
40
155
40
156
40
157
40
158
40
159
40
160
40
161
40
162
40
163
40
164
40
165
40
166
40
167
39
167
39
168
38
168
38
169
37
169
36
169
35
169
34
169
34
170
33
170
32
170
31
170
30
170
29
170
28
170
27
170
26
170
25
170
24
170
24
169
23
169
23
168
22
168
21
168
21
167
21
166
20
166
20
165
19
165
19
164
19
163
19
162
19
161
19
160
20
160
20
159
20
158
21
158
22
158
22
157
23
157
24
157
24
156
25
156
26
156
27
156
28
156
29
156
30
156
31
156
32
156
33
156
34
156
35
156
36
156
37
156
38
156
39
156
40
157
41
157
42
157
43
157
44
157
45
157
46
157
47
157
48
157
49
157
50
157
51
157
52
157
53
157
54
157
55
157
56
157
57
157
58
157
59
157
60
157
60
156
61
156
62
156
62
155
63
155
63
154
64
154
64
153
65
153
65
152
66
152
66
151
66
150
66
149
67
149
67
148
67
147
67
146
67
145
67
144
67
143
67
142
67
141
67
140
66
140
66
139
66
138
65
138
65
137
64
137
64
136
63
136
62
136
61
136
61
135
60
135
59
135
58
135
57
135
56
135
55
135
54
135
54
136
53
136
53
137
52
137
52
138
51
139
50
140
50
141
49
141
49
142
49
143
49
144
49
145
48
145
48
146
48
147
47
148
47
149
47
150
47
151
47
152
47
153
47
154
47
155
47
156
47
157
47
158
47
159
47
160
47
161
47
162
47
163
48
163
48
164
49
165
50
165
50
166
51
166
51
167
52
167
52
168
53
168
54
168
54
169
55
169
56
170
56
171
57
171
58
171
59
171
59
172
60
172
61
172
62
172
62
173
63
173
64
173
65
173
66
173
67
173
68
173
69
173
70
173
71
173
72
173
72
172
73
172
74
172
74
171
75
170
76
170
76
169
76
168
77
168
77
167
78
167
78
166
78
165
79
165
79
164
79
163
80
163
80
162
100
159
99
159
99
158
98
158
98
157
97
157
96
157
96
156
95
156
94
156
94
155
93
155
92
155
91
155
90
155
89
155
88
155
87
155
86
155
85
156
84
156
84
157
84
158
84
159
83
159
83
160
83
161
83
162
83
163
84
163
84
164
84
165
85
165
85
166
86
166
87
166
87
167
88
167
88
168
89
168
90
168
91
168
91
169
92
169
92
170
93
170
94
170
95
170
96
170
97
170
98
170
99
170
100
170
100
169
101
169
101
168
102
168
102
167
102
166
103
166
103
165
103
164
104
164
104
163
104
162
104
161
104
160
105
160
105
159
105
158
105
157
106
157
106
158
107
158
107
159
108
159
109
159
109
160
110
160
111
160
111
161
112
161
112
162
113
162
114
162
115
162
116
162
117
162
118
162
119
162
120
162
121
162
122
162
123
162
124
162
125
162
126
162
127
162
128
162
128
161
129
161
130
161
131
161
132
160
133
160
133
159
134
159
135
159
136
159
136
158
137
157
138
157
138
156
139
156
139
155
140
155
141
155
141
154
142
154
142
153
143
153
143
152
144
152
144
151
145
151
145
150
145
149
145
148
145
147
145
146
145
145
145
144
145
143
145
142
145
141
145
140
145
139
144
139
144
138
144
137
143
137
142
137
142
136
141
136
141
135
140
135
139
135
138
135
137
135
136
135
135
135
134
135
134
136
133
136
132
136
132
137
132
138
131
138
131
139
130
139
130
140
129
140
129
141
129
142
129
143
128
143
128
144
128
145
128
146
128
147
128
148
127
148
127
150
127
151
127
152
127
153
127
154
127
155
127
156
127
157
127
158
127
159
127
160
127
161
127
162
127
163
127
164
126
164
126
165
126
166
126
167
126
168
126
169
126
170
126
171
126
172
126
173
126
174
126
175
126
176
126
177
126
178
126
179
126
180
126
181
126
182
118
151
118
152
118
153
119
154
120
154
120
155
120
156
121
156
121
157
121
158
122
158
123
158
123
159
124
159
124
160
125
160
125
161
125
162
126
162
127
162
127
163
128
163
129
163
129
164
130
164
131
164
132
164
133
164
134
164
135
164
136
164
137
164
138
164
139
164
140
164
141
164
142
164
143
163
144
163
145
163
145
162
145
161
146
161
147
161
147
160
148
160
148
159
149
159
150
159
150
158
151
158
151
157
152
157
153
157
154
157
155
157
156
157
156
158
157
158
157
159
158
159
158
160
159
160
159
161
159
162
159
163
160
163
160
164
160
165
160
166
161
166
161
167
161
168
161
169
161
168
161
167
162
167
162
166
162
165
163
165
163
164
164
163
165
163
165
162
165
161
166
161
167
161
168
161
168
160
169
160
170
160
171
160
172
160
173
160
174
160
175
160
176
160
177
160
177
161
178
161
178
162
179
162
179
163
179
164
179
165
179
166
180
166
180
167
180
168
180
167
180
166
181
166
181
165
181
164
181
163
182
163
182
162
183
161
183
160
184
160
185
159
186
159
187
159
188
159
188
158
189
158
190
158
191
158
192
158
193
158
194
159
194
160
195
160
195
161
195
162
196
162
196
163
196
164
197
164
197
165
197
166
198
166
199
166
200
166
200
167
201
167
202
167
203
167
204
167
205
167
205
166
206
166
206
165
207
165
208
164
208
163
209
163
209
162
210
162
210
161
211
161
211
160
231
161
231
160
230
160
230
159
229
159
228
159
228
158
226
157
225
157
224
157
223
157
222
157
221
157
220
157
219
157
218
157
217
157
216
157
215
157
214
157
214
158
213
158
213
159
213
160
212
160
212
161
212
162
212
163
212
164
212
165
213
165
213
166
214
166
214
167
215
167
215
168
216
168
217
168
218
168
219
168
220
168
221
168
222
168
223
168
223
167
224
167
225
167
225
166
225
165
226
165
227
165
227
164
227
163
228
163
228
162
228
161
228
160
228
159
228
160
229
160
229
161
229
162
230
162
230
163
230
164
231
164
231
165
232
165
232
166
233
166
233
167
234
167
234
168
235
168
236
168
237
168
237
167
238
167
238
166
239
166
239
165
240
165
240
164
241
164
241
163
242
163
242
162
243
162
243
161
244
161
245
161
245
160
246
160
247
160
248
159
249
159
250
159
251
159
252
159
253
159
253
160
254
160
255
160
255
161
255
162
255
163
256
163
256
164
256
165
256
166
257
166
257
167
257
166
257
165
257
164
257
163
257
162
257
161
258
161
259
160
260
160
260
159
261
159
262
159
263
159
264
159
265
159
266
159
267
159
268
159
268
160
269
160
269
161
269
162
270
162
270
163
271
163
271
164
272
164
272
165
273
165
273
166
274
166
275
166
276
166
277
166
277
165
278
165
278
164
279
164
279
163
280
163
280
162
281
162
281
161
282
161
282
160
283
160
283
159
284
159
285
159
285
158
286
157
287
157
288
157
289
157
289
158
290
158
290
159
290
160
291
160
291
161
291
162
291
163
291
164
292
164
292
165
292
166
293
166
293
165
293
164
293
163
294
163
294
162
295
162
295
161
296
161
297
161
297
160
298
160
299
160
300
160
301
160
302
160
303
160
303
161
303
162
304
162
304
163
305
163
305
164
306
164
306
165
307
165
307
166
308
166
309
166
310
166
311
166
312
166
313
166
313
165
314
165
-1
