-12581
-9023
-21385
21432
5993
-26877
22318
-16513
18809
-29807
-18009
-13606
10801
-993
11069
-30060
25816
23795
29661
22849
-17181
6229
-1923
18469
13701
-29705
-13407
3500
-395
2197
14127
27073
19017
27025
26523
-14735
-11413
-2085
29057
23833
4253
-31865
30345
-2073
17922
5969
-27237
22864
-26455
-4386
5795
-31624
-17803
32465
-17071
-773
16578
-15781
16464
-22737
-30863
-22719
19681
21915
-8044
9523
-13567
3300
1985
-5509
-9721
5371
13859
6319
-8949
1503
13849
-30911
15923
-23849
-23849
-24721
31716
26929
12736
10705
9515
-100
-22207
-7862
28385
-12759
29822
-12894
-4515
27413
-13860
-8344
2477
-27687
-4081
-18565
26232
-30795
10885
27745
32223
-15429
-17535
12947
-15335
-2465
20214
-5032
-29778
16092
-14501
-14501
-25596
-20799
27370
28193
17869
31504
30222
-16307
27062
-14951
-24575
-2020
-3667
-19763
22269
-23359
-13271
15310
6455
-17835
10077
25601
25177
30037
30037
-735
24545
-23401
4683
-28980
29740
23542
-8935
-7023
14297
8853
3779
8637
-18028
-24759
32513
32513
6027
-31075
-21711
-12633
-6969
17961
120
16134
32619
-3677
12865
-30491
-22031
-28827
113
-22968
-6090
-1033
-5949
-8319
-16149
24473
-6143
16145
-32333
-5078
-32011
-12121
-5707
-27711
-26073
-12528
1187
31009
28465
26133
9507
6518
21626
-9783
-5175
-18719
26373
-15927
31097
-22394
-3952
283
-29439
27209
-15984
29416
20601
-16735
28333
7649
6543
23847
-21937
-14621
-25984
-18640
-3567
26513
1832
-11729
21684
-31856
15033
-16683
-21142
26827
6303
29489
-12183
-32398
31898
10393
17831
-25268
-3135
-7661
16593
-4090
22669
11325
-3287
159
10217
10217
-15955
-21997
16741
-14539
29375
22465
6445
14113
-23781
-87
-21535
-9441
20885
5519
31759
3872
7801
-13418
24801
18010
27173
-23531
-26528
25751
-21993
28667
-7229
28377
-13871
20263
20263
22260
-8265
29585
-14757
-22564
25218
-15707
21960
-12507
-16919
-13745
29232
24300
21405
-14473
-21375
5967
13456
13145
-18962
30903
15600
29636
15643
-25687
5661
1197
25421
22609
-11741
-32455
25399
28609
-8607
-20620
-12617
-7431
-27541
29617
-23303
10437
27984
-5353
11509
19465
-8649
-10383
10409
-5409
-23827
-7135
22913
29271
-19331
3809
-28755
18028
28001
30448
-7083
-20386
31258
-26517
-28647
-32043
-7473
12125
29679
-12269
20841
-19275
-19275
23432
2293
9261
30611
-5375
3323
11401
-12302
26518
-251
-29279
1246
32022
21729
-4900
-796
-4341
-30178
27797
-11352
-7071
-11321
24449
-1982
-29705
-3903
4353
9417
-26485
6663
-28211
31516
-23205
26967
-6048
-11824
17509
-6909
12149
18807
27309
-1404
-16616
-607
18145
-17183
-28873
25297
7833
3831
-9695
31235
27633
19045
-8149
-12043
24989
-4663
-10054
9909
-17798
14992
16625
25891
-12989
-6447
11973
-29663
-11234
16725
177
177
-11131
-2511
31237
-7615
4201
24757
32461
5004
-26093
29299
9512
7065
8192
-28101
-32255
-3385
-20951
17516
4913
-29598
13067
-4799
-30467
31145
26075
1337
-1800
-251
28281
-853
-16793
-32047
-17943
-15911
30092
17233
13343
15521
-26656
-1535
-27915
-25461
-13310
11619
-8217
9201
17023
-3777
14340
22969
-4281
26106
15659
4941
-1043
7567
-20834
-24655
-30097
-22225
17582
14519
23975
32657
993
-17724
-6605
-23463
-17348
-5249
-5119
-5119
-8249
-7913
-12751
26333
31168
-25898
14705
-7409
22172
6727
12114
-24137
18346
3925
32089
