cntcol LDV running on image 1424x1001, 32 bitplanes:
-------|--------------------
| Line | # unique colors |
|     0|              503|
|     1|              495|
|     2|              513|
|     3|              514|
|     4|              514|
|     5|              525|
|     6|              546|
|     7|              549|
|     8|              572|
|     9|              549|
|    10|              564|
|    11|              557|
|    12|              555|
|    13|              564|
|    14|              581|
|    15|              581|
|    16|              588|
|    17|              574|
|    18|              577|
|    19|              586|
|    20|              570|
|    21|              572|
|    22|              580|
|    23|              590|
|    24|              594|
|    25|              585|
|    26|              595|
|    27|              594|
|    28|              612|
|    29|              604|
|    30|              614|
|    31|              648|
|    32|              659|
|    33|              647|
|    34|              650|
|    35|              636|
|    36|              640|
|    37|              643|
|    38|              656|
|    39|              654|
|    40|              682|
|    41|              666|
|    42|              692|
|    43|              686|
|    44|              701|
|    45|              710|
|    46|              692|
|    47|              712|
|    48|              727|
|    49|              695|
|    50|              688|
|    51|              698|
|    52|              690|
|    53|              693|
|    54|              716|
|    55|              722|
|    56|              725|
|    57|              705|
|    58|              722|
|    59|              712|
|    60|              708|
|    61|              732|
|    62|              753|
|    63|              753|
|    64|              776|
|    65|              795|
|    66|              789|
|    67|              812|
|    68|              835|
|    69|              850|
|    70|              872|
|    71|              907|
|    72|              942|
|    73|              929|
|    74|              956|
|    75|              945|
|    76|              957|
|    77|              959|
|    78|              983|
|    79|              987|
|    80|              976|
|    81|              986|
|    82|              984|
|    83|              978|
|    84|              996|
|    85|              992|
|    86|              998|
|    87|              986|
|    88|             1004|
|    89|              983|
|    90|              982|
|    91|             1004|
|    92|             1005|
|    93|              999|
|    94|             1026|
|    95|             1003|
|    96|              990|
|    97|             1008|
|    98|              995|
|    99|              983|
|   100|              982|
|   101|              981|
|   102|              972|
|   103|              982|
|   104|              968|
|   105|              969|
|   106|              989|
|   107|              981|
|   108|              982|
|   109|              972|
|   110|              972|
|   111|              971|
|   112|              984|
|   113|              998|
|   114|              993|
|   115|             1016|
|   116|             1011|
|   117|             1020|
|   118|             1026|
|   119|             1009|
|   120|             1006|
|   121|             1037|
|   122|             1035|
|   123|             1028|
|   124|             1058|
|   125|             1054|
|   126|             1058|
|   127|             1047|
|   128|             1058|
|   129|             1059|
|   130|             1083|
|   131|             1075|
|   132|             1065|
|   133|             1089|
|   134|             1087|
|   135|             1072|
|   136|             1076|
|   137|             1083|
|   138|             1056|
|   139|             1093|
|   140|             1074|
|   141|             1081|
|   142|             1086|
|   143|             1081|
|   144|             1087|
|   145|             1086|
|   146|             1077|
|   147|             1095|
|   148|             1114|
|   149|             1118|
|   150|             1112|
|   151|             1115|
|   152|             1135|
|   153|             1120|
|   154|             1131|
|   155|             1117|
|   156|             1114|
|   157|             1125|
|   158|             1101|
|   159|             1096|
|   160|             1116|
|   161|             1090|
|   162|             1120|
|   163|             1104|
|   164|             1104|
|   165|             1091|
|   166|             1110|
|   167|             1091|
|   168|             1101|
|   169|             1088|
|   170|             1103|
|   171|             1106|
|   172|             1098|
|   173|             1114|
|   174|             1131|
|   175|             1118|
|   176|             1111|
|   177|             1106|
|   178|             1113|
|   179|             1107|
|   180|             1088|
|   181|             1088|
|   182|             1077|
|   183|             1077|
|   184|             1083|
|   185|             1050|
|   186|             1047|
|   187|             1054|
|   188|             1072|
|   189|             1075|
|   190|             1065|
|   191|             1083|
|   192|             1068|
|   193|             1040|
|   194|             1053|
|   195|             1048|
|   196|             1052|
|   197|             1053|
|   198|             1046|
|   199|             1029|
|   200|             1041|
|   201|             1007|
|   202|             1031|
|   203|             1020|
|   204|             1015|
|   205|             1032|
|   206|             1037|
|   207|             1044|
|   208|             1044|
|   209|             1036|
|   210|             1042|
|   211|             1069|
|   212|             1045|
|   213|             1042|
|   214|             1024|
|   215|             1024|
|   216|             1010|
|   217|             1022|
|   218|             1012|
|   219|             1032|
|   220|             1023|
|   221|             1007|
|   222|             1014|
|   223|             1015|
|   224|             1004|
|   225|             1012|
|   226|             1004|
|   227|             1011|
|   228|             1022|
|   229|             1008|
|   230|             1003|
|   231|             1011|
|   232|              988|
|   233|             1011|
|   234|             1006|
|   235|              979|
|   236|              977|
|   237|              985|
|   238|              992|
|   239|              994|
|   240|              985|
|   241|             1002|
|   242|             1014|
|   243|             1006|
|   244|             1022|
|   245|             1017|
|   246|             1009|
|   247|             1001|
|   248|              982|
|   249|              992|
|   250|              978|
|   251|              988|
|   252|             1004|
|   253|             1017|
|   254|             1006|
|   255|             1027|
|   256|             1016|
|   257|             1021|
|   258|             1022|
|   259|             1025|
|   260|             1018|
|   261|             1019|
|   262|             1040|
|   263|             1050|
|   264|             1037|
|   265|             1035|
|   266|             1046|
|   267|             1037|
|   268|             1035|
|   269|             1016|
|   270|             1019|
|   271|             1038|
|   272|             1068|
|   273|             1037|
|   274|             1056|
|   275|             1044|
|   276|             1046|
|   277|             1040|
|   278|             1069|
|   279|             1073|
|   280|             1046|
|   281|             1061|
|   282|             1040|
|   283|             1082|
|   284|             1049|
|   285|             1055|
|   286|             1061|
|   287|             1067|
|   288|             1076|
|   289|             1062|
|   290|             1044|
|   291|             1013|
|   292|             1009|
|   293|             1033|
|   294|             1039|
|   295|             1031|
|   296|             1044|
|   297|             1006|
|   298|             1050|
|   299|             1019|
|   300|             1042|
|   301|             1027|
|   302|             1059|
|   303|             1053|
|   304|             1070|
|   305|             1079|
|   306|             1077|
|   307|             1074|
|   308|             1081|
|   309|             1076|
|   310|             1067|
|   311|             1054|
|   312|             1078|
|   313|             1081|
|   314|             1082|
|   315|             1042|
|   316|             1062|
|   317|             1064|
|   318|             1037|
|   319|             1035|
|   320|             1036|
|   321|             1063|
|   322|             1038|
|   323|             1027|
|   324|             1027|
|   325|             1025|
|   326|             1023|
|   327|             1022|
|   328|             1043|
|   329|             1030|
|   330|             1020|
|   331|             1020|
|   332|             1029|
|   333|             1033|
|   334|             1041|
|   335|             1052|
|   336|             1066|
|   337|             1058|
|   338|             1051|
|   339|             1058|
|   340|             1078|
|   341|             1056|
|   342|             1075|
|   343|             1079|
|   344|             1081|
|   345|             1079|
|   346|             1069|
|   347|             1043|
|   348|             1030|
|   349|             1058|
|   350|             1061|
|   351|             1070|
|   352|             1069|
|   353|             1078|
|   354|             1062|
|   355|             1087|
|   356|             1080|
|   357|             1087|
|   358|             1072|
|   359|             1087|
|   360|             1074|
|   361|             1065|
|   362|             1092|
|   363|             1091|
|   364|             1092|
|   365|             1083|
|   366|             1079|
|   367|             1083|
|   368|             1079|
|   369|             1070|
|   370|             1082|
|   371|             1068|
|   372|             1096|
|   373|             1046|
|   374|             1056|
|   375|             1081|
|   376|             1090|
|   377|             1054|
|   378|             1067|
|   379|             1077|
|   380|             1064|
|   381|             1072|
|   382|             1075|
|   383|             1066|
|   384|             1106|
|   385|             1050|
|   386|             1060|
|   387|             1027|
|   388|             1051|
|   389|             1041|
|   390|             1054|
|   391|             1064|
|   392|             1021|
|   393|             1035|
|   394|             1046|
|   395|             1003|
|   396|             1032|
|   397|             1022|
|   398|             1008|
|   399|              988|
|   400|              998|
|   401|              982|
|   402|              984|
|   403|              975|
|   404|              984|
|   405|              999|
|   406|              984|
|   407|             1002|
|   408|              983|
|   409|              994|
|   410|              994|
|   411|              972|
|   412|              972|
|   413|              955|
|   414|              968|
|   415|              992|
|   416|              996|
|   417|              989|
|   418|              987|
|   419|              963|
|   420|              995|
|   421|             1016|
|   422|              976|
|   423|             1003|
|   424|              977|
|   425|              997|
|   426|             1026|
|   427|             1026|
|   428|             1017|
|   429|             1034|
|   430|             1019|
|   431|             1039|
|   432|             1027|
|   433|             1041|
|   434|             1044|
|   435|             1046|
|   436|             1046|
|   437|             1080|
|   438|             1048|
|   439|             1067|
|   440|             1041|
|   441|             1058|
|   442|             1057|
|   443|             1061|
|   444|             1068|
|   445|             1070|
|   446|             1080|
|   447|             1057|
|   448|             1034|
|   449|             1053|
|   450|             1010|
|   451|             1007|
|   452|             1034|
|   453|             1014|
|   454|             1020|
|   455|             1029|
|   456|             1029|
|   457|             1029|
|   458|             1022|
|   459|             1031|
|   460|             1015|
|   461|             1041|
|   462|             1039|
|   463|             1032|
|   464|             1046|
|   465|             1066|
|   466|             1053|
|   467|             1073|
|   468|             1077|
|   469|             1071|
|   470|             1083|
|   471|             1071|
|   472|             1075|
|   473|             1066|
|   474|             1076|
|   475|             1076|
|   476|             1101|
|   477|             1089|
|   478|             1093|
|   479|             1090|
|   480|             1102|
|   481|             1095|
|   482|             1107|
|   483|             1096|
|   484|             1074|
|   485|             1094|
|   486|             1064|
|   487|             1059|
|   488|             1092|
|   489|             1070|
|   490|             1056|
|   491|             1059|
|   492|             1061|
|   493|             1058|
|   494|             1018|
|   495|             1017|
|   496|             1041|
|   497|             1042|
|   498|             1048|
|   499|             1050|
|   500|             1046|
|   501|             1058|
|   502|             1044|
|   503|             1045|
|   504|             1054|
|   505|             1026|
|   506|             1044|
|   507|             1037|
|   508|             1044|
|   509|             1021|
|   510|             1050|
|   511|             1051|
|   512|             1041|
|   513|             1046|
|   514|             1031|
|   515|             1033|
|   516|             1044|
|   517|             1026|
|   518|             1028|
|   519|             1044|
|   520|             1044|
|   521|             1066|
|   522|             1044|
|   523|             1017|
|   524|             1032|
|   525|             1015|
|   526|             1045|
|   527|             1059|
|   528|             1055|
|   529|             1049|
|   530|             1054|
|   531|             1067|
|   532|             1053|
|   533|             1070|
|   534|             1077|
|   535|             1055|
|   536|             1084|
|   537|             1073|
|   538|             1084|
|   539|             1063|
|   540|             1072|
|   541|             1074|
|   542|             1076|
|   543|             1083|
|   544|             1071|
|   545|             1053|
|   546|             1047|
|   547|             1059|
|   548|             1059|
|   549|             1070|
|   550|             1055|
|   551|             1042|
|   552|             1044|
|   553|             1062|
|   554|             1085|
|   555|             1096|
|   556|             1067|
|   557|             1072|
|   558|             1097|
|   559|             1086|
|   560|             1067|
|   561|             1055|
|   562|             1045|
|   563|             1071|
|   564|             1065|
|   565|             1081|
|   566|             1081|
|   567|             1067|
|   568|             1064|
|   569|             1069|
|   570|             1073|
|   571|             1077|
|   572|             1088|
|   573|             1086|
|   574|             1107|
|   575|             1105|
|   576|             1075|
|   577|             1078|
|   578|             1064|
|   579|             1075|
|   580|             1077|
|   581|             1089|
|   582|             1101|
|   583|             1095|
|   584|             1109|
|   585|             1120|
|   586|             1122|
|   587|             1122|
|   588|             1153|
|   589|             1145|
|   590|             1113|
|   591|             1108|
|   592|             1091|
|   593|             1073|
|   594|             1095|
|   595|             1111|
|   596|             1089|
|   597|             1087|
|   598|             1088|
|   599|             1086|
|   600|             1084|
|   601|             1090|
|   602|             1089|
|   603|             1101|
|   604|             1100|
|   605|             1088|
|   606|             1101|
|   607|             1100|
|   608|             1091|
|   609|             1109|
|   610|             1088|
|   611|             1101|
|   612|             1070|
|   613|             1097|
|   614|             1065|
|   615|             1074|
|   616|             1073|
|   617|             1062|
|   618|             1087|
|   619|             1068|
|   620|             1082|
|   621|             1083|
|   622|             1074|
|   623|             1096|
|   624|             1075|
|   625|             1082|
|   626|             1077|
|   627|             1079|
|   628|             1061|
|   629|             1073|
|   630|             1066|
|   631|             1082|
|   632|             1058|
|   633|             1081|
|   634|             1077|
|   635|             1088|
|   636|             1076|
|   637|             1053|
|   638|             1072|
|   639|             1065|
|   640|             1034|
|   641|             1037|
|   642|             1020|
|   643|             1029|
|   644|             1038|
|   645|             1006|
|   646|              976|
|   647|              960|
|   648|              961|
|   649|              965|
|   650|              950|
|   651|              948|
|   652|              940|
|   653|              920|
|   654|              928|
|   655|              908|
|   656|              892|
|   657|              930|
|   658|              907|
|   659|              922|
|   660|              934|
|   661|              915|
|   662|              918|
|   663|              929|
|   664|              949|
|   665|              952|
|   666|              958|
|   667|              967|
|   668|              967|
|   669|              993|
|   670|             1003|
|   671|             1013|
|   672|             1028|
|   673|             1022|
|   674|             1057|
|   675|             1081|
|   676|             1060|
|   677|             1047|
|   678|             1051|
|   679|             1018|
|   680|             1040|
|   681|             1042|
|   682|             1044|
|   683|             1042|
|   684|             1030|
|   685|             1032|
|   686|             1004|
|   687|             1042|
|   688|             1030|
|   689|             1031|
|   690|              999|
|   691|             1028|
|   692|             1015|
|   693|             1017|
|   694|             1006|
|   695|             1005|
|   696|             1013|
|   697|             1010|
|   698|             1021|
|   699|             1011|
|   700|             1037|
|   701|             1035|
|   702|             1027|
|   703|             1055|
|   704|             1015|
|   705|             1004|
|   706|             1011|
|   707|             1011|
|   708|             1007|
|   709|             1017|
|   710|             1006|
|   711|             1011|
|   712|             1000|
|   713|             1025|
|   714|             1031|
|   715|             1016|
|   716|              991|
|   717|             1006|
|   718|             1009|
|   719|              988|
|   720|              988|
|   721|              993|
|   722|              976|
|   723|              944|
|   724|              957|
|   725|              937|
|   726|              928|
|   727|              903|
|   728|              884|
|   729|              899|
|   730|              887|
|   731|              886|
|   732|              893|
|   733|              904|
|   734|              868|
|   735|              888|
|   736|              895|
|   737|              874|
|   738|              863|
|   739|              889|
|   740|              872|
|   741|              861|
|   742|              886|
|   743|              868|
|   744|              886|
|   745|              897|
|   746|              874|
|   747|              874|
|   748|              895|
|   749|              910|
|   750|              893|
|   751|              901|
|   752|              879|
|   753|              869|
|   754|              832|
|   755|              854|
|   756|              845|
|   757|              859|
|   758|              850|
|   759|              849|
|   760|              851|
|   761|              859|
|   762|              834|
|   763|              849|
|   764|              853|
|   765|              869|
|   766|              859|
|   767|              868|
|   768|              865|
|   769|              887|
|   770|              900|
|   771|              886|
|   772|              891|
|   773|              931|
|   774|              932|
|   775|              959|
|   776|              940|
|   777|              947|
|   778|              950|
|   779|              950|
|   780|              950|
|   781|              963|
|   782|              966|
|   783|              957|
|   784|              981|
|   785|              977|
|   786|              977|
|   787|              989|
|   788|              945|
|   789|              934|
|   790|              941|
|   791|              915|
|   792|              933|
|   793|              944|
|   794|              930|
|   795|              943|
|   796|              949|
|   797|              929|
|   798|              932|
|   799|              935|
|   800|              931|
|   801|              924|
|   802|              932|
|   803|              937|
|   804|              936|
|   805|              934|
|   806|              943|
|   807|              953|
|   808|              920|
|   809|              946|
|   810|              927|
|   811|              930|
|   812|              930|
|   813|              932|
|   814|              910|
|   815|              922|
|   816|              937|
|   817|              925|
|   818|              943|
|   819|              940|
|   820|              928|
|   821|              927|
|   822|              934|
|   823|              919|
|   824|              950|
|   825|              910|
|   826|              916|
|   827|              925|
|   828|              916|
|   829|              901|
|   830|              849|
|   831|              888|
|   832|              877|
|   833|              863|
|   834|              873|
|   835|              871|
|   836|              881|
|   837|              862|
|   838|              879|
|   839|              865|
|   840|              864|
|   841|              868|
|   842|              854|
|   843|              865|
|   844|              883|
|   845|              882|
|   846|              887|
|   847|              876|
|   848|              860|
|   849|              838|
|   850|              855|
|   851|              811|
|   852|              796|
|   853|              785|
|   854|              787|
|   855|              794|
|   856|              783|
|   857|              784|
|   858|              791|
|   859|              783|
|   860|              796|
|   861|              786|
|   862|              792|
|   863|              805|
|   864|              815|
|   865|              830|
|   866|              842|
|   867|              842|
|   868|              872|
|   869|              859|
|   870|              891|
|   871|              905|
|   872|              922|
|   873|              913|
|   874|              922|
|   875|              916|
|   876|              935|
|   877|              959|
|   878|              958|
|   879|              951|
|   880|              914|
|   881|              915|
|   882|              921|
|   883|              933|
|   884|              950|
|   885|              943|
|   886|              965|
|   887|              947|
|   888|              980|
|   889|              952|
|   890|              966|
|   891|              972|
|   892|              952|
|   893|              957|
|   894|              973|
|   895|              961|
|   896|              955|
|   897|              941|
|   898|              962|
|   899|              948|
|   900|              954|
|   901|              984|
|   902|              973|
|   903|              981|
|   904|              975|
|   905|              959|
|   906|              962|
|   907|              971|
|   908|              963|
|   909|              947|
|   910|              973|
|   911|              971|
|   912|              974|
|   913|              971|
|   914|              988|
|   915|              974|
|   916|              976|
|   917|              962|
|   918|              966|
|   919|              976|
|   920|              982|
|   921|              966|
|   922|              982|
|   923|              990|
|   924|              983|
|   925|              984|
|   926|              983|
|   927|              993|
|   928|              993|
|   929|              946|
|   930|              961|
|   931|              919|
|   932|              891|
|   933|              878|
|   934|              845|
|   935|              845|
|   936|              809|
|   937|              785|
|   938|              769|
|   939|              737|
|   940|              743|
|   941|              724|
|   942|              700|
|   943|              707|
|   944|              696|
|   945|              713|
|   946|              721|
|   947|              723|
|   948|              712|
|   949|              697|
|   950|              675|
|   951|              692|
|   952|              682|
|   953|              659|
|   954|              648|
|   955|              650|
|   956|              647|
|   957|              644|
|   958|              647|
|   959|              635|
|   960|              630|
|   961|              624|
|   962|              607|
|   963|              608|
|   964|              592|
|   965|              604|
|   966|              615|
|   967|              611|
|   968|              618|
|   969|              591|
|   970|              610|
|   971|              604|
|   972|              582|
|   973|              569|
|   974|              564|
|   975|              580|
|   976|              572|
|   977|              575|
|   978|              573|
|   979|              564|
|   980|              570|
|   981|              556|
|   982|              545|
|   983|              559|
|   984|              553|
|   985|              546|
|   986|              527|
|   987|              518|
|   988|              506|
|   989|              502|
|   990|              476|
|   991|              481|
|   992|              454|
|   993|              464|
|   994|              449|
|   995|              432|
|   996|              424|
|   997|              417|
|   998|              406|
|   999|              388|
|  1000|              389|
-------|------------------
|Total |           126377|
-------|------------------
RAM used: 2053 KB
Computation time: 620 ms
