Script started on Mon Nov 16 15:27:55 1992
falcon% f77 expd1.f
expd1.f:
	expmyd:
 MAIN testit:
falcon% a.out
     X     | FORTRAN77 EXP(x)   |   my EXP(x)
   -20.000000000000    2.0611536224386D-09    5.8390180143076D-09
   -19.000000000000    5.6027964375373D-09    8.9519602702371D-09
   -18.000000000000    1.5229979744713D-08    1.5283444755595D-08
   -17.000000000000    4.1399377187852D-08    4.1362237142951D-08
   -16.000000000000    1.1253517471926D-07    1.1237370914603D-07
   -15.000000000000    3.0590232050183D-07    3.0585402852674D-07
   -14.000000000000    8.3152871910357D-07    8.3159764749576D-07
   -13.000000000000    2.2603294069811D-06    2.2602493425160D-06
   -12.000000000000    6.1442123533282D-06    6.1443137867387D-06
   -11.000000000000    1.6701700790246D-05    1.6701583279183D-05
  -10.0000000000000    4.5399929762485D-05    4.5400064387825D-05
   -9.0000000000000    1.2340980408668D-04    1.2340965563638D-04
   -8.0000000000000    3.3546262790251D-04    3.3546278359587D-04
   -7.0000000000000    9.1188196555452D-04    9.1188181290605D-04
   -6.0000000000000    2.4787521766664D-03    2.4787523124055D-03
   -5.0000000000000    6.7379469990855D-03    6.7379468949435D-03
   -4.0000000000000    1.8315638888734D-02    1.8315638951600D-02
   -3.0000000000000    4.9787068367864D-02    4.9787068343180D-02
   -2.0000000000000   0.13533528323661   0.13533528319958
   -1.0000000000000   0.36787944117144   0.36787944116069
  0.    1.0000000000000    1.0000000000000
    1.0000000000000    2.7182818284590    2.7182818284468
    2.0000000000000    7.3890560989307    7.3890560988849
    3.0000000000000    20.085536923188    20.085536923156
    4.0000000000000    54.598150033144    54.598150033059
    5.0000000000000    148.41315910258    148.41315910243
    6.0000000000000    403.42879349274    403.42879349254
    7.0000000000000    1096.6331584285    1096.6331584282
    8.0000000000000    2980.9579870417    2980.9579870415
    9.0000000000000    8103.0839275754    8103.0839275752
   10.0000000000000    22026.465794807    22026.465794807
    11.000000000000    59874.141715198    59874.141715198
    12.000000000000    162754.79141900    162754.79141900
    13.000000000000    442413.39200892    442413.39200892
    14.000000000000    1202604.2841648    1202604.2841648
    15.000000000000    3269017.3724721    3269017.3724721
    16.000000000000    8886110.5205079    8886110.5205079
    17.000000000000    24154952.753575    24154952.753575
    18.000000000000    65659969.137331    65659969.137331
    19.000000000000    178482300.96319    178482300.96319
    20.000000000000    485165195.40979    485165195.40979
falcon% ^D
script done on Mon Nov 16 15:28:12 1992
