Script started on Mon Nov 16 15:27:19 1992
falcon% f77 exp1.f
exp1.f:
	expmy:
 MAIN testit:
falcon% a.out
  x   |  FORTRAN77 EXP(x)   |   my EXP(x)
   -20.0000    2.06115E-09   -2.75668
   -19.0000    5.60280E-09  -0.433660
   -18.0000    1.52300E-08  -0.155764
   -17.0000    4.13994E-08  -0.184994
   -16.0000    1.12535E-07    6.52414E-02
   -15.0000    3.05902E-07    2.12335E-02
   -14.0000    8.31529E-07    5.87366E-04
   -13.0000    2.26033E-06   -5.52325E-04
   -12.0000    6.14421E-06   -9.04413E-04
   -11.0000    1.67017E-05    6.42844E-04
  -10.00000    4.53999E-05   -6.25617E-05
   -9.00000    1.23410E-04    1.44360E-04
   -8.00000    3.35463E-04    3.48609E-04
   -7.00000    9.11882E-04    9.08843E-04
   -6.00000    2.47875E-03    2.47705E-03
   -5.00000    6.73795E-03    6.73842E-03
   -4.00000    1.83156E-02    1.83153E-02
   -3.00000    4.97871E-02    4.97870E-02
   -2.00000   0.135335   0.135335
   -1.00000   0.367879   0.367879
  0.    1.00000    1.00000
    1.00000    2.71828    2.71828
    2.00000    7.38906    7.38906
    3.00000    20.0855    20.0855
    4.00000    54.5981    54.5982
    5.00000    148.413    148.413
    6.00000    403.429    403.429
    7.00000    1096.63    1096.63
    8.00000    2980.96    2980.96
    9.00000    8103.08    8103.08
   10.00000    22026.5    22026.5
    11.0000    59874.1    59874.1
    12.0000    162755.    162755.
    13.0000    442413.    442413.
    14.0000    1.20260E+06    1.20260E+06
    15.0000    3.26902E+06    3.26902E+06
    16.0000    8.88611E+06    8.88611E+06
    17.0000    2.41550E+07    2.41550E+07
    18.0000    6.56600E+07    6.56600E+07
    19.0000    1.78482E+08    1.78482E+08
    20.0000    4.85165E+08    4.85165E+08
falcon% ^D
script done on Mon Nov 16 15:27:36 1992
