 0
 0
 0
 0
 0
 0
 0
 0
 0
 0
 1
 0
 0
 0
 0
 0
 0
 0
 0
 0
 0
 1
 0
 0
 0
 0
 0
 0
 0
 0
 0
 0
 1
 0
 0
 0
 0
 0
 0
 0
 0
 0
 0
 1
 0
 0
 0
 0
 0
 0
 0
 0
 0
 0
 1
 0
 0
 0
 0
 0
 0
 0
 0
 0
 2
 1
 0
 0
 0
 0
 0
 0
 0
 0
 0
 9
 1
 0
 0
 0
 0
 1
 1
 1
 1
 1
 7
 1
 0
 0
 0
 8
 1
 8
 2
 9
 7
 12
 1
 1
 1
 1
 1
 1
 1
 1
 1
 1
 0
 1
 0
 9
 6
 11
 4
 12
 4
 11
 6
 9
 1
 0
 0
 0
 0
 0
 0
 0
 0
 0
 0
 1
 0
 0
 0
 0
 0
 0
 0
 0
 0
 0
 1
 0
 0
 0
 0
 0
 0
 0
 0
 0
 0
 1
 0
 0
 0
 0
 0
 0
 0
 0
 0
 0
 1
 10100110
 9
