 1
 1
 1
 1
 1
 1
 1
 1
 1
 1
 1
 1
 1
 1
 1
 1
 1
 13
 13
 13
 13
 13
 13
 13
 13
 13
 13
 13
 13
 13
 13
 1
 20
 13
 13
 13
 13
 13
 13
 13
 13
 13
 13
 2
 2
 2
 13
 1
 1
 13
 13
 13
 13
 13
 13
 13
 13
 13
 13
 2
 18
 2
 13
 1
 1
 13
 13
 13
 13
 13
 13
 13
 13
 13
 13
 2
 13
 2
 13
 1
 1
 13
 13
 14
 13
 13
 5
 13
 13
 13
 13
 2
 13
 2
 13
 1
 1
 13
 13
 13
 13
 13
 13
 13
 13
 13
 13
 2
 13
 2
 13
 1
 1
 13
 13
 13
 13
 13
 13
 13
 4
 13
 13
 2
 13
 2
 13
 1
 1
 13
 13
 13
 13
 13
 13
 13
 13
 13
 13
 2
 13
 2
 13
 1
 1
 12
 13
 0
 0
 0
 0
 0
 0
 0
 0
 1
 13
 2
 13
 1
 1
 2
 2
 2
 2
 2
 2
 2
 2
 2
 2
 1
 13
 13
 13
 1
 1
 13
 13
 0
 0
 0
 0
 0
 0
 6
 0
 1
 1
 1
 2
 1
 1
 12
 13
 0
 0
 0
 0
 0
 0
 2
 2
 2
 2
 2
 2
 1
 1
 2
 2
 2
 2
 2
 2
 2
 2
 2
 2
 2
 2
 2
 2
 1
 1
 13
 13
 0
 0
 0
 0
 0
 0
 0
 0
 2
 2
 2
 2
 1
 1
 1
 1
 1
 1
 1
 1
 1
 1
 1
 1
 1
 1
 1
 1
 1
 8
 9
 6
 7
 12
 10
 2
 2
 10
 2
 13
 2
-3
-3
-3
-3
 13
 4
 15
 4
