 1
 1
 1
 1
 1
 1
 1
 1
 1
 1
 1
 1
 1
 1
 1
 1
 1
 0
 0
 0
 0
 0
 0
 0
 0
 0
 0
 0
 0
 0
 0
 1
 1
 0
 20
 2
 2
 2
 2
 0
 2
 13
 2
 2
 2
 13
 0
 1
 1
 0
 2
 13
 13
 13
 2
 0
 2
 13
 2
 13
 13
 4
 0
 1
 1
 0
 13
 13
 13
 13
 13
 0
 13
 2
 13
 2
 2
 13
 0
 1
 1
 0
 2
 2
 2
 2
 2
 0
 13
 13
 13
 13
 13
 13
 0
 1
 1
 0
 13
 13
 2
 13
 13
 0
 2
 2
 2
 2
 2
 13
 0
 1
 1
 0
 13
 13
 0
 2
 2
 5
 2
 13
 13
 13
 2
 13
 0
 1
 1
 0
 13
 13
 13
 13
 13
 0
 2
 2
 2
 2
 2
 13
 0
 1
 1
 0
 13
 2
 2
 2
 2
 0
 13
 13
 13
 13
 13
 13
 0
 1
 1
 0
 2
 13
 2
 13
 13
 0
 2
 2
 2
 2
 2
 13
 0
 1
 1
 0
 13
 2
 2
 2
 2
 0
 2
 18
 13
 13
 13
 13
 0
 1
 1
 0
 13
 13
 6
 13
 13
 0
 2
 2
 2
 2
 2
 13
 0
 1
 1
 0
 13
 13
 2
 13
 13
 0
 13
 13
 13
 13
 13
 13
 0
 1
 1
 0
 0
 0
 2
 0
 0
 0
 0
 0
 0
 0
 0
 0
 0
 1
 1
 1
 1
 1
 1
 1
 1
 1
 1
 1
 1
 1
 1
 1
 1
 1
 4
 14
 8
 8
 13
 5
 4
 10
 35
 20
 35
 21
 15
 15
 34
 21
 34
 21
 34
 21
