 1
 1
 18
 20
 1
 1
 1
 1
 1
 1
 1
 1
 1
 1
 1
 1
 1
 13
 13
 13
 13
 13
 13
 0
 0
 0
 0
 0
 2
 2
 13
 1
 1
 5
 13
 13
 13
 13
 13
 0
 0
 0
 0
 0
 0
 0
 0
 1
 1
 13
 13
 13
 2
 2
 2
 2
 2
 2
 2
 2
 2
 0
 0
 1
 1
 2
 2
 2
 2
 2
 2
 2
 2
 0
 0
 0
 2
 0
 1
 1
 1
 2
 13
 0
 0
 0
 0
 0
 0
 0
 0
 0
 2
 0
 1
 0
 1
 13
 13
 0
 0
 0
 0
 0
 0
 0
 0
 0
 2
 0
 1
 0
 1
 2
 13
 0
 0
 13
 13
 13
 13
 0
 0
 0
 2
 0
 1
 12
 1
 2
 13
 0
 0
 2
 2
 2
 2
 2
 0
 0
 2
 0
 1
 12
 1
 2
 13
 2
 0
 2
 1
 13
 4
 0
 6
 13
 2
 0
 1
 1
 1
 2
 2
 2
 0
 2
 13
 13
 0
 0
 13
 13
 2
 13
 13
 1
 1
 2
 13
 13
 0
 2
 2
 2
 2
 2
 2
 2
 2
 13
 13
 1
 1
 2
 13
 13
 0
 0
 13
 13
 13
 13
 13
 13
 13
 13
 13
 1
 1
 2
 13
 13
 0
 2
 2
 2
 2
 2
 2
 2
 13
 13
 13
 1
 1
 2
 2
 13
 0
 0
 13
 13
 13
 13
 13
 13
 2
 2
 2
 1
 1
 1
 1
 1
 1
 1
 1
 1
 1
 1
 1
 1
 1
 1
 1
 1
 10
 9
 3
 2
 10
 11
 10
 7
 8
 16
 9
 16
 6
 16
 34
 21
 34
 21
 34
 21
