 1
 1
 1
 1
 1
 1
 1
 1
 1
 1
 1
 1
 1
 1
 1
 1
 1
 0
 0
 0
 0
 0
 0
 0
 0
 0
 0
 18
 0
 0
 0
 1
 1
 0
 20
 0
 0
 0
 0
 0
 0
 0
 0
 0
 0
 0
 0
 1
 1
 0
 0
 0
 0
 0
 0
 0
 0
 0
 0
 0
 0
 0
 0
 1
 1
 0
 0
 0
 0
 0
 6
 0
 0
 0
 13
 13
 13
 0
 0
 1
 1
 0
 0
 0
 0
 0
 0
 0
 0
 0
 13
 14
 13
 0
 0
 1
 1
 0
 0
 0
 0
 0
 0
 0
 0
 0
 13
 13
 13
 0
 0
 1
 1
 0
 0
 0
 0
 0
 0
 0
 0
 0
 0
 0
 0
 0
 0
 1
 1
 0
 13
 0
 0
 0
 0
 0
 0
 0
 0
 0
 0
 0
 0
 1
 1
 1
 1
 1
 1
 1
 1
 2
 2
 2
 1
 1
 1
 1
 1
 1
 1
 13
 13
 13
 13
 13
 13
 13
 13
 0
 0
 0
 0
 0
 0
 1
 1
 13
 13
 13
 13
 13
 13
 13
 13
 0
 0
 0
 0
 0
 0
 1
 1
 13
 13
 13
 5
 13
 13
 13
 2
 0
 0
 0
 4
 0
 0
 1
 1
 13
 13
 13
 13
 13
 13
 13
 2
 0
 0
 0
 0
 0
 0
 1
 1
 13
 13
 13
 13
 13
 13
 13
 2
 0
 0
 0
 0
 0
 0
 1
 1
 1
 1
 1
 1
 1
 1
 1
 1
 1
 1
 1
 1
 1
 1
 1
 13
 13
 13
 5
 5
 7
 2
 2
 35
 20
 9
 2
 15
 15
 14
 15
 13
 15
 12
 15
