 1
 1
 20
 1
 1
 1
 1
 1
 1
 1
 1
 1
 1
 1
 1
 1
 1
 12
 13
 0
 0
 0
 0
 0
 0
 0
 0
 0
 0
 0
 0
 1
 1
 13
 20
 13
 13
 13
 13
 13
 13
 13
 13
 13
 13
 13
 13
 1
 1
 0
 0
 0
 0
 0
 0
 0
 4
 0
 0
 0
 0
 0
 0
 1
 1
 13
 13
 13
 13
 13
 13
 13
 13
 13
 13
 13
 13
 13
 13
 1
 1
 0
 0
 0
 0
 0
 0
 0
 0
 0
 0
 0
 0
 0
 0
 1
 1
 13
 13
 13
 13
 13
 13
 13
 13
 13
 13
 13
 13
 13
 13
 1
 1
 0
 0
 0
 0
 0
 0
 0
 5
 0
 0
 0
 0
 0
 18
 1
 1
 13
 13
 13
 13
 13
 13
 13
 13
 13
 13
 13
 13
 13
 13
 1
 1
 0
 0
 0
 0
 0
 0
 0
 0
 0
 0
 0
 0
 0
 0
 1
 1
 13
 13
 13
 13
 13
 13
 13
 13
 13
 13
 13
 13
 13
 13
 1
 1
 0
 0
 0
 0
 0
 0
 0
 6
 0
 0
 0
 0
 0
 0
 1
 1
 13
 13
 13
 13
 13
 13
 13
 13
 13
 13
 13
 13
 13
 13
 1
 1
 12
 13
 0
 0
 0
 0
 0
 0
 0
 0
 0
 0
 0
 0
 1
 1
 1
 1
 1
 1
 1
 1
 1
 1
 1
 1
 1
 1
 1
 1
 1
 1
 1
 1
 1
 1
 1
 1
 1
 1
 1
 1
 1
 1
 1
 1
 1
 4
 9
 8
 9
 12
 9
 8
 2
 2
 2
 14
 2
 2
 15
 6
 15
 10
 15
 14
 15
