 1
 1
 1
 1
 1
 1
 1
 1
 1
 1
 1
 1
 1
 1
 1
 1
 1
 0
 0
 0
 0
 0
 0
 2
 0
 0
 0
 0
 0
 18
 0
 1
 1
 0
 0
 0
 4
 0
 0
 2
 0
 0
 0
 0
 0
 0
 0
 1
 1
 0
 2
 2
 2
 2
 2
 2
 2
 2
 2
 2
 2
 2
 2
 1
 1
 2
 2
 13
 13
 13
 13
 13
 13
 13
 13
 13
 2
 0
 0
 1
 1
 0
 2
 13
 13
 13
 2
 13
 2
 2
 2
 13
 2
 0
 0
 1
 1
 0
 2
 13
 14
 13
 2
 13
 13
 13
 2
 13
 2
 0
 0
 1
 1
 0
 2
 0
 13
 13
 2
 13
 13
 13
 2
 13
 2
 0
 0
 1
 1
 0
 2
 13
 14
 13
 2
 13
 5
 13
 2
 13
 13
 0
 0
 1
 1
 0
 2
 0
 13
 13
 2
 13
 13
 13
 2
 13
 2
 2
 2
 1
 1
 0
 2
 13
 13
 13
 2
 13
 2
 2
 2
 13
 2
 0
 0
 1
 1
 0
 2
 13
 13
 13
 13
 13
 13
 13
 13
 13
 2
 6
 0
 1
 1
 0
 2
 2
 2
 2
 2
 2
 2
 2
 2
 2
 2
 0
 0
 1
 1
 0
 0
 0
 0
 2
 0
 0
 6
 0
 0
 0
 2
 0
 0
 1
 1
 0
 0
 0
 0
 2
 0
 0
 0
 0
 0
 0
 2
 0
 0
 1
 1
 1
 1
 1
 1
 1
 1
 1
 1
 1
 1
 1
 1
 1
 1
 1
 3
 5
 9
 9
 12
 14
 9
 15
 10
 4
 8
 4
 34
 21
 34
 21
 34
 21
 34
 21
