 1
 1
 1
 1
 1
 1
 1
 1
 1
 1
 1
 1
 1
 1
 1
 1
 1
 13
 13
 0
 0
 0
 0
 0
 0
 0
 0
 13
 1
 0
 0
 1
 1
 0
 0
 0
 0
 0
 0
 0
 0
 0
 0
 13
 1
 4
 0
 1
 1
 0
 0
 1
 1
 1
 1
 1
 1
 1
 0
 0
 1
 0
 0
 1
 1
 0
 0
 1
 18
 13
 13
 13
 13
 1
 0
 0
 1
 0
 0
 1
 1
 0
 0
 1
 0
 0
 0
 0
 13
 1
 0
 0
 1
 0
 0
 1
 1
 0
 0
 1
 0
 0
 1
 0
 5
 1
 0
 0
 1
 6
 0
 1
 1
 0
 0
 1
 0
 0
 1
 0
 5
 1
 0
 0
 1
 0
 0
 1
 1
 0
 0
 1
 0
 0
 1
 0
 0
 1
 0
 0
 1
 4
 0
 1
 1
 0
 0
 1
 0
 0
 1
 1
 1
 1
 0
 0
 1
 0
 0
 1
 1
 0
 0
 1
 13
 0
 0
 0
 0
 0
 0
 0
 1
 0
 0
 1
 1
 0
 0
 1
 13
 0
 0
 0
 0
 0
 13
 13
 1
 0
 0
 1
 1
 0
 0
 1
 1
 1
 1
 1
 1
 1
 1
 1
 1
 0
 0
 1
 1
 13
 0
 0
 0
 0
 0
 0
 0
 0
 0
 0
 0
 0
 0
 1
 1
 13
 0
 0
 0
 0
 0
 0
 0
 0
 0
 0
 0
 13
 13
 1
 1
 1
 1
 1
 1
 1
 1
 1
 1
 1
 1
 1
 1
 1
 1
 1
 9
 14
 8
 9
 7
 14
 2
 14
 35
 20
 35
 21
 2
 15
 34
 21
 34
 21
 34
 21
