Absolute Beginners

 999
 1
 1
 2
 3
 4
 5
 6
 52
 8
 54
 10
 11
 12
 13
 14
 15
 16
 17
 18
 19
 20
 16
 6
 4
 4
 4
 4
 4
 6
 8
 1
 1
 1
 20
 1
 1
 1
 15
 15
 6
 16
 16
 16
 8
 16
 4
 16
 16
 8
 16
 16
 15
 15
 15
 15
 15
 15
 15
 6
 6
 16
 16
 4
 4
 4
 2
 4
 4
 4
 4
 6
 10
 1
 1
 1
 1
 15
 6
 6
 6
 16
 16
 4
 16
 16
 6
 16
 16
 16
 16
 16
 4
 1
 1
 1
 1
 15
 6
 6
 6
 16
 16
 4
 16
 16
 16
 16
 4
 8
 4
 15
 1
 1
 1
 1
 1
 15
 6
 6
 14
 16
 16
 4
 16
 4
 8
 4
 8
 4
 6
 15
 1
 1
 1
 1
 1
 15
 6
 14
 6
 16
 16
 4
 16
 6
 4
 8
 23
 8
 4
 15
 6
 1
 6
 1
 1
 15
 14
 6
 6
 16
 16
 4
 16
 4
 8
 4
 8
 4
 8
 15
 15
 15
 15
 15
 15
 15
 6
 6
 6
 16
 16
 4
 4
 4
 4
 8
 4
 8
 4
 4
 4
 4
 15
 10
 6
 15
 6
 6
 6
 16
 16
 4
 4
 4
 6
 4
 8
 4
 8
 4
 4
 4
 15
 15
 15
 15
 6
 6
 6
 16
 21
 22
 23
 24
 25
 26
 27
 28
 55
 56
 57
 32
 33
 34
 35
 58
 37
 38
 39
 40
 2742
