Vesta Virgin
hot
 500
 9
 1
 2
 3
 4
 5
 6
 52
 8
 54
 10
 11
 12
 13
 14
 15
 16
 17
 18
 19
 20
 16
 23
 1
 1
 1
 1
 1
 1
 10
 10
 4
 25
 58
 10
 6
 6
 58
 6
 6
 16
 16
 1
 1
 1
 1
 1
 1
 10
 10
 10
 4
 58
 58
 58
 8
 8
 58
 6
 6
 16
 16
 1
 1
 1
 1
 1
 10
 10
 10
 10
 32
 58
 1
 1
 4
 4
 1
 6
 6
 16
 16
 1
 16
 1
 1
 10
 10
 10
 58
 58
 58
 58
 1
 58
 58
 58
 58
 6
 6
 16
 16
 1
 16
 1
 16
 8
 16
 16
 58
 1
 1
 1
 1
 1
 1
 1
 58
 15
 15
 16
 16
 1
 16
 1
 4
 4
 4
 4
 4
 1
 3
 1
 1
 1
 1
 1
 1
 1
 15
 16
 16
 1
 1
 16
 10
 10
 10
 10
 58
 1
 1
 1
 1
 1
 1
 1
 58
 1
 15
 16
 16
 1
 1
 16
 16
 16
 16
 16
 58
 10
 10
 10
 10
 10
 10
 58
 58
 1
 15
 16
 16
 1
 1
 1
 1
 1
 10
 10
 24
 6
 6
 6
 6
 6
 6
 15
 17
 1
 15
 16
 16
 52
 1
 1
 1
 10
 10
 10
 24
 6
 6
 6
 6
 6
 6
 15
 1
 1
 15
 16
 21
 22
 23
 24
 25
 26
 27
 28
 55
 56
 57
 32
 33
 34
 35
 58
 37
 38
 39
 40
 3672
