Nuclear Vault
u235
 500
 32
 1
 2
 3
 4
 5
 6
 52
 8
 54
 10
 11
 12
 13
 14
 15
 16
 17
 18
 19
 20
 16
 10
 1
 8
 1
 1
 1
 10
 10
 10
 10
 1
 14
 8
 8
 4
 4
 4
 4
 16
 16
 4
 1
 1
 1
 8
 10
 10
 10
 10
 10
 10
 14
 8
 4
 4
 4
 4
 4
 16
 16
 1
 1
 1
 1
 1
 4
 4
 4
 4
 4
 4
 14
 4
 4
 8
 4
 4
 4
 16
 16
 1
 1
 1
 1
 1
 1
 1
 1
 1
 1
 1
 14
 4
 4
 4
 8
 4
 4
 16
 16
 3
 1
 1
 1
 1
 12
 1
 1
 1
 1
 1
 14
 4
 8
 4
 4
 4
 4
 16
 16
 5
 5
 5
 5
 5
 56
 56
 56
 56
 56
 56
 56
 56
 56
 56
 56
 56
 1
 16
 16
 8
 4
 8
 4
 6
 56
 6
 6
 6
 6
 56
 6
 6
 6
 6
 6
 24
 1
 16
 16
 4
 8
 4
 4
 8
 56
 6
 6
 6
 6
 56
 6
 6
 6
 6
 6
 24
 1
 16
 16
 4
 4
 4
 4
 4
 56
 6
 6
 6
 6
 56
 6
 6
 6
 6
 6
 24
 1
 16
 16
 4
 4
 28
 4
 25
 56
 6
 6
 6
 6
 23
 6
 6
 6
 6
 6
 24
 1
 16
 21
 22
 23
 24
 25
 26
 27
 28
 55
 56
 57
 32
 33
 34
 35
 58
 37
 38
 39
 40
 3318
