Cookie Jar
tunnel
 500
 16
 1
 2
 3
 4
 5
 6
 52
 8
 54
 10
 11
 12
 13
 14
 15
 16
 17
 18
 19
 20
 16
 1
 10
 1
 1
 1
 10
 1
 1
 16
 1
 1
 1
 1
 1
 1
 1
 1
 1
 16
 16
 1
 4
 10
 3
 10
 4
 1
 1
 16
 1
 10
 10
 10
 10
 1
 1
 1
 1
 16
 16
 1
 1
 4
 1
 4
 1
 1
 1
 16
 1
 4
 4
 4
 4
 1
 1
 1
 1
 16
 16
 1
 1
 1
 10
 1
 1
 1
 1
 16
 1
 1
 1
 1
 1
 1
 1
 1
 1
 16
 16
 1
 1
 1
 4
 1
 1
 1
 1
 16
 1
 1
 1
 1
 1
 1
 1
 1
 1
 16
 16
 1
 1
 1
 1
 1
 1
 1
 1
 16
 1
 1
 1
 1
 20
 1
 20
 1
 20
 16
 16
 32
 1
 1
 1
 1
 1
 1
 32
 16
 16
 16
 16
 16
 16
 16
 16
 16
 16
 16
 16
 6
 6
 6
 6
 6
 6
 6
 6
 16
 16
 16
 16
 4
 8
 6
 4
 4
 8
 16
 16
 6
 6
 6
 6
 6
 6
 6
 6
 16
 16
 16
 16
 4
 4
 4
 8
 4
 4
 16
 16
 23
 6
 6
 6
 6
 6
 6
 6
 16
 16
 16
 16
 4
 4
 8
 4
 4
 6
 16
 21
 22
 23
 24
 25
 26
 27
 28
 55
 56
 57
 32
 33
 34
 35
 58
 37
 38
 39
 40
 2370
