Monsters!
dresden
 250
 5
 1
 2
 3
 4
 5
 6
 52
 8
 54
 10
 11
 12
 13
 14
 15
 16
 17
 18
 19
 20
 16
 1
 8
 8
 8
 4
 1
 1
 16
 8
 8
 6
 8
 8
 6
 8
 10
 12
 39
 16
 16
 1
 3
 8
 14
 1
 1
 1
 16
 8
 6
 8
 8
 8
 8
 6
 12
 1
 10
 16
 16
 1
 1
 14
 1
 1
 10
 17
 16
 8
 8
 8
 8
 6
 8
 6
 1
 10
 10
 16
 16
 1
 14
 52
 1
 14
 10
 10
 10
 10
 10
 10
 10
 10
 16
 5
 5
 5
 5
 16
 16
 1
 18
 16
 1
 16
 10
 10
 10
 10
 10
 10
 10
 10
 16
 4
 8
 4
 6
 16
 16
 1
 1
 16
 1
 16
 26
 26
 26
 26
 26
 26
 26
 26
 16
 8
 4
 8
 4
 16
 16
 1
 1
 16
 1
 16
 1
 1
 1
 1
 1
 1
 1
 1
 27
 4
 8
 6
 4
 16
 16
 1
 1
 16
 1
 16
 26
 26
 26
 26
 26
 26
 26
 26
 16
 4
 4
 4
 6
 16
 16
 1
 1
 16
 1
 16
 18
 1
 18
 1
 18
 1
 18
 1
 16
 8
 6
 8
 4
 16
 16
 1
 1
 16
 1
 16
 1
 20
 1
 20
 1
 20
 1
 20
 16
 6
 8
 4
 23
 16
 21
 22
 23
 24
 25
 26
 27
 28
 55
 56
 57
 32
 33
 34
 35
 58
 37
 38
 39
 40
 3093
