Trap Door
dropout
 300
 12
 1
 2
 3
 4
 5
 6
 52
 8
 54
 10
 11
 12
 13
 14
 15
 16
 17
 18
 19
 20
 16
 3
 10
 8
 1
 1
 4
 4
 8
 10
 4
 4
 6
 6
 6
 27
 6
 6
 6
 16
 16
 4
 8
 8
 8
 1
 8
 4
 8
 10
 4
 4
 27
 6
 6
 6
 6
 6
 27
 16
 16
 4
 4
 4
 8
 4
 4
 4
 4
 8
 4
 4
 6
 6
 6
 27
 6
 6
 6
 16
 16
 32
 26
 26
 26
 26
 26
 26
 26
 26
 26
 26
 26
 26
 26
 26
 26
 26
 32
 16
 16
 55
 55
 55
 16
 1
 1
 1
 1
 1
 1
 1
 1
 1
 1
 1
 1
 1
 1
 16
 16
 1
 26
 32
 16
 1
 1
 1
 1
 1
 8
 1
 1
 1
 8
 1
 1
 1
 1
 16
 16
 5
 5
 5
 5
 5
 5
 5
 5
 5
 5
 5
 5
 5
 5
 5
 5
 5
 5
 16
 16
 4
 1
 1
 20
 1
 1
 20
 1
 1
 4
 4
 4
 4
 1
 1
 18
 1
 4
 16
 16
 4
 1
 4
 4
 4
 25
 4
 4
 1
 4
 10
 10
 4
 1
 1
 1
 1
 24
 16
 16
 4
 1
 1
 18
 1
 1
 18
 1
 1
 4
 10
 10
 4
 4
 4
 4
 24
 23
 16
 21
 22
 23
 24
 25
 26
 27
 28
 55
 56
 57
 32
 33
 34
 35
 58
 37
 38
 39
 40
 2915
