Science
dropout
 400
 8
 1
 2
 3
 4
 5
 6
 52
 8
 54
 10
 11
 12
 13
 14
 15
 16
 17
 18
 19
 20
 16
 10
 10
 10
 10
 10
 10
 10
 23
 23
 16
 8
 8
 8
 8
 10
 10
 10
 10
 16
 16
 26
 26
 26
 26
 26
 26
 26
 26
 26
 16
 6
 6
 6
 6
 33
 33
 33
 33
 16
 16
 3
 1
 1
 1
 1
 1
 1
 27
 1
 16
 8
 8
 8
 8
 1
 1
 10
 1
 16
 16
 1
 1
 1
 1
 1
 1
 25
 1
 1
 16
 6
 6
 6
 6
 10
 10
 1
 10
 16
 16
 1
 1
 1
 56
 24
 56
 1
 1
 1
 16
 1
 1
 1
 1
 1
 10
 10
 10
 16
 16
 1
 1
 1
 56
 10
 56
 37
 1
 1
 16
 1
 1
 1
 1
 1
 1
 1
 1
 16
 16
 1
 1
 56
 56
 24
 56
 56
 10
 1
 16
 1
 1
 1
 1
 1
 1
 1
 1
 16
 16
 1
 14
 56
 28
 1
 28
 56
 25
 1
 16
 1
 1
 1
 1
 1
 1
 1
 1
 16
 16
 14
 6
 56
 28
 12
 28
 56
 1
 1
 16
 37
 37
 37
 37
 1
 1
 1
 1
 16
 16
 6
 6
 56
 56
 56
 56
 56
 52
 57
 16
 10
 10
 10
 10
 34
 34
 34
 34
 16
 21
 22
 23
 24
 25
 26
 27
 28
 55
 56
 57
 32
 33
 34
 35
 58
 37
 38
 39
 40
 4005
