Aptitude Test
winner
 999
 50
 1
 2
 3
 4
 5
 6
 52
 8
 54
 10
 11
 12
 13
 14
 15
 16
 17
 18
 19
 20
 16
 17
 1
 18
 1
 14
 6
 6
 6
 6
 6
 6
 6
 6
 6
 6
 6
 14
 23
 16
 16
 1
 6
 6
 6
 18
 14
 6
 6
 6
 6
 6
 6
 6
 6
 6
 14
 6
 6
 16
 16
 1
 6
 6
 6
 1
 4
 14
 6
 6
 6
 6
 6
 6
 6
 14
 6
 6
 6
 16
 16
 17
 6
 6
 6
 1
 4
 1
 14
 6
 6
 6
 6
 6
 14
 8
 8
 6
 6
 16
 16
 1
 1
 1
 11
 1
 4
 1
 1
 24
 24
 24
 24
 24
 1
 4
 4
 6
 6
 16
 16
 11
 1
 1
 1
 1
 4
 1
 1
 1
 1
 1
 1
 1
 1
 15
 15
 15
 15
 16
 16
 1
 1
 25
 4
 1
 14
 32
 1
 1
 1
 1
 1
 1
 1
 32
 14
 4
 10
 16
 16
 4
 25
 3
 25
 11
 1
 1
 34
 1
 1
 1
 1
 1
 34
 1
 1
 1
 10
 16
 16
 1
 1
 11
 1
 1
 1
 1
 8
 34
 34
 34
 34
 34
 1
 1
 10
 10
 10
 16
 16
 1
 1
 1
 1
 4
 4
 4
 4
 4
 4
 1
 1
 1
 1
 10
 10
 10
 25
 16
 21
 22
 23
 24
 25
 26
 27
 28
 55
 56
 57
 32
 33
 34
 35
 58
 37
 38
 39
 40
 2718
