1111
16
14
1
1
1
1
1
1
1
1
1
1
1
1
1
1
1
1
1
1
1
1
1
1
1
1
1
1
1
2
1
1
2
1
2
1
2
2
2
2
2
1
2
2
2
2
2
1
8
1
2
1
1
2
0
0
1
0
1
0
1
0
1
1
1
1
1
1
1
1
1
0
1
0
13
2
1
1
2
1
0
0
0
1
0
11
0
13
2
1
2
2
2
1
2
13
0
1
1
1
2
1
1
2
0
0
1
0
11
0
1
0
1
2
2
2
1
2
2
2
1
11
0
0
0
10
1
1
1
11
1
1
13
1
1
1
1
1
1
1
1
1
1
1
1
1
1
1
13
1
1
1
1
2
0
1
1
12
0
0
11
0
0
0
11
11
11
0
0
0
11
0
0
12
1
1
1
1
2
1
1
9
1
0
0
11
0
0
0
11
11
11
0
0
0
11
0
0
1
3
1
1
1
2
0
1
2
11
1
1
1
1
1
1
1
13
1
1
1
1
1
1
1
11
2
1
1
1
1
11
1
2
0
1
13
12
2
11
0
11
2
11
0
11
2
12
13
1
0
2
1
1
1
2
0
1
2
0
1
12
13
2
11
0
11
2
11
0
11
2
13
12
1
0
2
1
1
1
2
1
1
2
0
1
2
2
13
13
13
13
13
13
13
13
13
2
2
1
0
2
1
1
1
2
0
1
2
0
1
11
11
13
11
11
11
11
11
11
11
13
11
11
1
0
2
1
1
1
1
11
1
2
0
1
0
0
13
2
13
13
13
13
13
2
13
0
0
1
0
2
1
1
1
2
0
1
2
11
1
11
11
13
2
13
11
12
11
13
12
13
11
11
1
11
2
1
1
1
1
1
1
3
11
13
2
2
13
2
13
2
4
2
13
13
13
2
2
13
6
2
1
1
1
12
2
1
2
11
1
11
11
13
2
13
11
2
11
13
12
13
11
11
1
11
2
1
1
1
1
2
1
2
0
1
0
0
13
2
13
13
13
13
13
2
13
0
0
1
0
2
1
1
1
0
2
1
2
0
1
11
11
13
11
11
11
11
11
11
11
13
11
11
1
0
2
1
1
1
11
1
1
2
0
1
2
2
13
13
13
13
13
13
13
13
13
2
2
1
0
2
1
1
1
0
2
1
2
0
1
12
13
2
11
0
11
2
11
0
11
2
13
12
1
0
2
1
1
1
1
2
1
2
0
1
13
12
2
11
0
11
2
11
0
11
2
12
13
1
0
2
1
1
1
0
2
1
2
11
1
1
1
1
1
1
1
13
1
1
1
1
1
1
1
11
2
1
1
1
11
1
1
7
1
0
0
11
0
0
0
11
11
11
0
0
0
11
0
0
1
3
1
1
1
0
2
1
1
12
0
0
11
0
0
0
11
11
11
0
0
0
11
0
0
12
1
1
1
1
1
2
1
1
13
1
1
1
1
1
1
1
1
1
1
1
1
1
1
1
13
1
1
1
1
0
2
2
1
0
11
0
1
0
11
0
1
0
11
0
1
0
11
0
1
0
0
10
1
1
11
1
0
0
0
1
0
0
0
1
0
0
0
1
0
0
0
1
0
0
0
1
0
1
1
0
0
0
1
0
1
0
1
0
1
0
1
0
1
0
1
0
1
0
1
0
1
0
1
1
1
11
1
1
2
1
2
1
2
1
2
1
2
1
2
1
2
1
2
1
2
1
12
1
1
1
1
1
1
1
1
1
1
1
1
1
1
1
1
1
1
1
1
1
1
1
1
1
1
